time,id,class_id,confidence,x_min,x_max,y_min,y_max,border_left,border_right,border_top,border_bottom,pattern,matched
0.000,2059439126792,4,0.902,620.000,793.000,27.000,327.000,1,1,2,1,0,False
0.033,2059439128192,4,0.801,621.000,793.000,28.000,332.000,1,1,2,1,0,True
0.067,2059439128360,4,0.823,623.000,793.000,34.000,329.000,1,1,1,1,0,True
0.100,2059439128528,4,0.824,627.000,795.000,27.000,332.000,1,1,2,1,0,True
0.133,2059438571704,4,0.770,622.000,799.000,28.000,328.000,1,1,2,1,0,True
0.167,2059438571872,4,0.765,624.000,800.000,30.000,326.000,1,1,2,1,0,True
0.200,2059438572040,4,0.781,627.000,797.000,29.000,332.000,1,1,2,1,0,True
0.234,2059438572208,4,0.836,625.000,795.000,27.000,323.000,1,1,2,1,0,True
0.267,2059438572376,4,0.888,622.000,797.000,26.000,334.000,1,1,2,1,0,True
0.300,2059438572544,4,0.845,624.000,796.000,26.000,326.000,1,1,2,1,0,True
0.334,2059438572712,4,0.830,625.000,801.000,28.000,332.000,1,1,2,1,0,True
0.367,2059438572880,4,0.759,626.000,799.000,27.000,329.000,1,1,2,1,0,True
0.400,2059438573048,4,0.741,629.000,799.000,29.000,332.000,1,1,2,1,0,True
0.434,2059438573104,4,0.745,631.000,797.000,31.000,330.000,1,1,1,1,0,True
0.467,2059438573272,4,0.866,629.000,799.000,31.000,320.000,1,1,1,1,0,True
0.500,2059438573440,4,0.779,631.000,799.000,25.000,326.000,1,1,2,1,0,True
0.534,2059438573608,4,0.805,632.000,798.000,26.000,323.000,1,1,2,1,0,True
0.567,2059438573776,4,0.793,632.000,798.000,27.000,323.000,1,1,2,1,0,True
0.601,2059438573944,4,0.820,631.000,798.000,29.000,325.000,1,1,2,1,0,True
0.634,2059438574112,4,0.799,632.000,798.000,30.000,328.000,1,1,2,1,0,True
0.667,2059438574280,4,0.748,629.000,799.000,28.000,326.000,1,1,2,1,0,True
0.701,2059438574448,4,0.735,632.000,804.000,27.000,323.000,1,1,2,1,0,True
0.734,2059438574616,4,0.697,634.000,805.000,27.000,321.000,1,1,2,1,0,True
0.767,2059438574840,4,0.690,633.000,804.000,27.000,322.000,1,1,2,1,0,True
0.801,2059438574896,4,0.765,633.000,804.000,31.000,328.000,1,1,1,1,0,True
0.834,2059439125896,4,0.748,631.000,806.000,32.000,326.000,1,1,1,1,0,True
0.868,2059438575064,4,0.799,635.000,802.000,29.000,329.000,1,1,2,1,0,True
0.901,2059438575288,4,0.803,631.000,809.000,26.000,324.000,1,1,2,1,0,True
0.934,2059438575456,4,0.750,629.000,811.000,23.000,319.000,1,1,2,1,0,True
0.968,2059438616648,4,0.717,630.000,813.000,23.000,316.000,1,1,2,1,0,True
1.001,2059438616928,4,0.744,631.000,811.000,24.000,320.000,1,1,2,1,0,True
1.034,2059439128136,4,0.751,635.000,811.000,25.000,323.000,1,1,2,1,0,True
1.068,2059438617208,4,0.704,636.000,810.000,26.000,322.000,1,1,2,1,0,True
1.101,2059438617376,4,0.643,635.000,813.000,26.000,322.000,1,1,2,1,0,True
1.134,2059438617544,4,0.632,638.000,814.000,26.000,319.000,1,1,2,1,0,True
1.168,2059438617712,4,0.612,635.000,814.000,27.000,318.000,1,1,2,1,0,True
1.201,2059438617880,4,0.646,633.000,814.000,28.000,318.000,1,1,2,1,0,True
1.235,2059438618048,4,0.689,634.000,813.000,27.000,319.000,1,1,2,1,0,True
1.268,2059438618216,4,0.733,635.000,813.000,25.000,319.000,1,1,2,1,0,True
1.301,2059438618384,4,0.733,633.000,813.000,24.000,319.000,1,1,2,1,0,True
1.335,2059438618552,4,0.712,632.000,816.000,26.000,319.000,1,1,2,1,0,True
1.368,2059438618720,4,0.700,631.000,817.000,30.000,319.000,1,1,2,1,0,True
1.401,2059438618888,4,0.561,633.000,818.000,28.000,320.000,1,1,2,1,0,True
1.435,2059438619056,4,0.547,634.000,817.000,25.000,319.000,1,1,2,1,0,True
1.468,2059438619224,4,0.575,634.000,818.000,25.000,322.000,1,1,2,1,0,True
1.502,2059438619392,4,0.444,640.000,817.000,26.000,323.000,1,1,2,1,0,True
1.535,2059438619560,4,0.484,640.000,817.000,27.000,320.000,1,1,2,1,0,True
1.568,2059438619728,4,0.418,641.000,817.000,26.000,323.000,1,1,2,1,0,True
1.602,2059438619896,4,0.368,641.000,818.000,25.000,324.000,1,1,2,1,0,True
1.635,2059438620064,4,0.398,672.000,834.000,29.000,326.000,1,1,2,1,0,True
1.668,2059438620232,4,0.492,670.000,834.000,30.000,326.000,1,1,2,1,0,True
1.702,2059438620400,4,0.482,672.000,834.000,30.000,328.000,1,1,2,1,0,True
1.735,2059438620568,4,0.527,675.000,834.000,32.000,327.000,1,1,1,1,0,True
1.768,2059438588032,4,0.644,674.000,835.000,34.000,324.000,1,1,1,1,0,True
1.802,2059438588200,4,0.654,674.000,835.000,32.000,322.000,1,1,1,1,0,True
1.835,2059438588368,4,0.622,672.000,835.000,32.000,323.000,1,1,1,1,0,True
1.869,2059438588536,4,0.609,673.000,837.000,31.000,325.000,1,1,1,1,0,True
1.902,2059438588704,4,0.627,672.000,839.000,29.000,326.000,1,1,2,1,0,True
1.935,2059438588872,4,0.652,677.000,838.000,30.000,326.000,1,1,2,1,0,True
1.969,2059438589040,4,0.686,675.000,837.000,29.000,325.000,1,1,2,1,0,True
2.002,2059438589208,4,0.662,674.000,836.000,30.000,325.000,1,1,2,1,0,True
2.035,2059438617040,4,0.543,673.000,837.000,31.000,326.000,1,1,1,1,0,True
2.069,2059438589544,4,0.590,672.000,838.000,29.000,325.000,1,1,2,1,0,True
2.102,2059438589712,4,0.549,672.000,838.000,28.000,327.000,1,1,2,1,0,True
2.135,2059438589880,4,0.697,671.000,841.000,28.000,324.000,1,1,2,1,0,True
2.169,2059438590048,4,0.791,676.000,839.000,29.000,326.000,1,1,2,1,0,True
2.202,2059438590216,4,0.809,677.000,837.000,29.000,323.000,1,1,2,1,0,True
2.236,2059438590384,4,0.790,676.000,838.000,31.000,323.000,1,1,1,1,0,True
2.269,2059438590552,4,0.712,676.000,839.000,29.000,321.000,1,1,2,1,0,True
2.302,2059438590720,4,0.715,673.000,842.000,28.000,320.000,1,1,2,1,0,True
2.336,2059438590888,4,0.787,674.000,843.000,27.000,321.000,1,1,2,1,0,True
2.369,2059438591056,4,0.856,678.000,844.000,29.000,320.000,1,1,2,1,0,True
2.402,2059438591224,4,0.862,680.000,844.000,30.000,322.000,1,1,2,1,0,True
2.436,2059438591392,4,0.860,681.000,845.000,29.000,322.000,1,1,2,1,0,True
2.469,2059438591560,4,0.793,668.000,852.000,24.000,325.000,1,1,2,1,0,True
2.503,2059438591728,4,0.810,678.000,841.000,30.000,323.000,1,1,2,1,0,True
2.536,2059438591896,4,0.821,678.000,843.000,30.000,321.000,1,1,2,1,0,True
2.569,2059438604416,4,0.869,678.000,847.000,30.000,321.000,1,1,2,1,0,True
2.603,2059438604584,4,0.907,682.000,848.000,32.000,326.000,1,1,1,1,0,True
2.636,2059438604752,4,0.876,679.000,847.000,35.000,325.000,1,1,1,1,0,True
2.669,2059438604920,4,0.802,680.000,847.000,35.000,327.000,1,1,1,1,0,True
2.703,2059438605088,4,0.790,678.000,848.000,32.000,324.000,1,1,1,1,0,True
2.736,2059438605256,4,0.812,680.000,848.000,30.000,320.000,1,1,2,1,0,True
2.769,2059438605424,4,0.855,682.000,848.000,28.000,318.000,1,1,2,1,0,True
2.803,2059438605592,4,0.880,688.000,848.000,30.000,322.000,1,1,2,1,0,True
2.836,2059438605760,4,0.869,687.000,848.000,30.000,324.000,1,1,2,1,0,True
2.870,2059438605928,4,0.810,685.000,850.000,32.000,325.000,1,1,1,1,0,True
2.903,2059438606096,4,0.754,679.000,855.000,23.000,328.000,1,1,2,1,0,True
2.936,2059438606264,4,0.760,686.000,852.000,27.000,322.000,1,1,2,1,0,True
2.970,2059438606432,4,0.856,686.000,851.000,27.000,321.000,1,1,2,1,0,True
3.003,2059438606600,4,0.880,686.000,853.000,28.000,326.000,1,1,2,1,0,True
3.036,2059438589376,4,0.867,688.000,856.000,29.000,326.000,1,1,2,1,0,True
3.070,2059438606936,4,0.858,691.000,856.000,30.000,327.000,1,1,2,1,0,True
3.103,2059438607104,4,0.855,690.000,855.000,30.000,326.000,1,1,2,1,0,True
3.136,2059438607272,4,0.806,687.000,856.000,28.000,322.000,1,1,2,1,0,True
3.170,2059438607440,4,0.866,686.000,858.000,26.000,321.000,1,1,2,1,0,True
3.203,2059438607608,4,0.892,685.000,858.000,29.000,322.000,1,1,2,1,0,True
3.237,2059438607776,4,0.870,686.000,858.000,31.000,323.000,1,1,1,1,0,True
3.270,2059438607944,4,0.808,691.000,858.000,31.000,322.000,1,1,1,1,0,True
3.303,2059438608112,4,0.838,690.000,858.000,33.000,324.000,1,1,1,1,0,True
3.337,2059438608280,4,0.828,687.000,858.000,32.000,322.000,1,1,1,1,0,True
3.370,2059438637184,4,0.835,693.000,858.000,27.000,322.000,1,1,2,1,0,True
3.403,2059438637352,4,0.828,696.000,857.000,31.000,323.000,1,1,1,1,0,True
3.437,2059438637520,4,0.826,698.000,859.000,32.000,325.000,1,1,1,1,0,True
3.470,2059438637688,4,0.891,693.000,859.000,32.000,326.000,1,1,1,1,0,True
3.504,2059438637856,4,0.888,692.000,861.000,33.000,323.000,1,1,1,1,0,True
3.537,2059438638024,4,0.892,695.000,862.000,33.000,321.000,1,1,1,1,0,True
3.570,2059438638192,4,0.908,698.000,861.000,31.000,323.000,1,1,1,1,0,True
3.604,2059438638360,4,0.859,699.000,860.000,28.000,323.000,1,1,2,1,0,True
3.637,2059438638528,4,0.793,698.000,862.000,28.000,323.000,1,1,2,1,0,True
3.670,2059438638696,4,0.827,697.000,864.000,29.000,323.000,1,1,2,1,0,True
3.704,2059438638864,4,0.840,700.000,863.000,34.000,323.000,1,1,1,1,0,True
3.737,2059438639032,4,0.836,702.000,863.000,34.000,322.000,1,1,1,1,0,True
3.770,2059438639200,4,0.847,699.000,863.000,34.000,323.000,1,1,1,1,0,True
3.804,2059438639368,4,0.761,700.000,862.000,34.000,323.000,1,1,1,1,0,True
3.837,2059438639536,4,0.787,694.000,865.000,30.000,321.000,1,1,2,1,0,True
3.871,2059438639704,4,0.750,693.000,867.000,29.000,319.000,1,1,2,1,0,True
3.904,2059438639872,4,0.802,692.000,867.000,28.000,320.000,1,1,2,1,0,True
3.937,2059438640040,4,0.851,682.000,876.000,27.000,326.000,1,1,2,1,0,True
3.971,2059438640208,4,0.837,694.000,869.000,31.000,320.000,1,1,1,1,0,True
4.004,2059438640376,4,0.877,698.000,867.000,33.000,320.000,1,1,1,1,0,True
4.037,2059438606768,4,0.879,684.000,881.000,32.000,328.000,1,1,1,1,0,True
4.071,2059438640712,4,0.854,698.000,869.000,27.000,318.000,1,1,2,1,0,True
4.104,2059438640880,4,0.845,693.000,869.000,27.000,316.000,1,1,2,1,0,True
4.137,2059438641048,4,0.826,693.000,871.000,27.000,320.000,1,1,2,1,0,True
4.171,2059445043328,4,0.857,694.000,871.000,29.000,320.000,1,1,2,1,0,True
4.204,2059445043496,4,0.815,698.000,870.000,31.000,323.000,1,1,1,1,0,True
4.238,2059445043664,4,0.780,698.000,874.000,34.000,321.000,1,1,1,1,0,True
4.271,2059445043832,4,0.790,699.000,873.000,32.000,318.000,1,1,1,1,0,True
4.304,2059445044000,4,0.772,695.000,873.000,33.000,320.000,1,1,1,1,0,True
4.338,2059445044168,4,0.799,692.000,872.000,31.000,320.000,1,1,1,1,0,True
4.371,2059445044336,4,0.752,691.000,875.000,32.000,322.000,1,1,1,1,0,True
4.404,2059445044504,4,0.786,692.000,873.000,30.000,322.000,1,1,2,1,0,True
4.438,2059445044672,4,0.771,694.000,874.000,31.000,322.000,1,1,1,1,0,True
4.471,2059445044840,4,0.753,698.000,875.000,30.000,319.000,1,1,2,1,0,True
4.505,2059445045008,4,0.634,698.000,879.000,31.000,320.000,1,1,1,1,0,True
4.538,2059445045176,4,0.665,698.000,879.000,30.000,319.000,1,1,2,1,0,True
4.571,2059445045344,4,0.689,699.000,878.000,30.000,320.000,1,1,2,1,0,True
4.605,2059445045512,4,0.594,701.000,878.000,30.000,319.000,1,1,2,1,0,True
4.638,2059445045680,4,0.558,698.000,882.000,28.000,318.000,1,1,2,1,0,True
4.671,2059445045848,4,0.626,697.000,882.000,30.000,314.000,1,1,2,1,0,True
4.705,2059445046016,4,0.687,696.000,879.000,31.000,316.000,1,1,1,1,0,True
4.738,2059445046184,4,0.524,699.000,878.000,32.000,319.000,1,1,1,1,0,True
4.771,2059445046352,4,0.588,699.000,876.000,32.000,320.000,1,1,1,1,0,True
4.805,2059445046520,4,0.597,699.000,878.000,31.000,320.000,1,1,1,1,0,True
4.838,2059445046688,4,0.462,699.000,880.000,30.000,320.000,1,1,2,1,0,True
4.872,2059445046856,4,0.409,700.000,882.000,26.000,318.000,1,1,2,1,0,True
4.905,2059445047024,4,0.399,699.000,885.000,26.000,315.000,1,1,2,1,0,True
4.938,2059445047192,4,0.367,700.000,884.000,29.000,314.000,1,1,2,1,0,True
4.972,2059445063808,4,0.291,706.000,886.000,31.000,319.000,1,1,1,1,0,True
5.005,2059445063976,4,0.357,704.000,885.000,30.000,319.000,1,1,2,1,0,True
5.038,2059438640544,4,0.277,739.000,900.000,34.000,324.000,1,1,1,1,0,True
5.072,2059445064312,4,0.335,736.000,901.000,33.000,322.000,1,1,1,1,0,True
5.105,2059445064480,4,0.387,735.000,908.000,21.000,326.000,1,1,2,1,0,True
5.138,2059445064648,4,0.394,737.000,905.000,20.000,325.000,1,1,2,1,0,True
5.172,2059445064816,4,0.401,736.000,909.000,23.000,324.000,1,1,2,1,0,True
5.205,2059445064984,4,0.367,733.000,909.000,23.000,325.000,1,1,2,1,0,True
5.239,2059445065152,4,0.343,704.000,887.000,36.000,321.000,1,1,1,1,0,True
5.272,2059445065320,4,0.385,698.000,896.000,33.000,336.000,1,1,1,1,0,True
5.305,2059445065488,4,0.302,735.000,907.000,20.000,328.000,1,1,2,1,0,True
5.339,2059445065656,4,0.455,739.000,906.000,21.000,325.000,1,1,2,1,0,True
5.372,2059445065824,4,0.607,743.000,908.000,17.000,327.000,1,1,2,1,0,True
5.405,2059445065992,4,0.666,744.000,910.000,18.000,327.000,1,1,2,1,0,True
5.439,2059445066160,4,0.588,748.000,902.000,30.000,327.000,1,1,2,1,0,True
5.472,2059445066328,4,0.640,738.000,913.000,23.000,325.000,1,1,2,1,0,True
5.506,2059445066496,4,0.484,737.000,909.000,21.000,325.000,1,1,2,1,0,True
5.539,2059445066664,4,0.488,740.000,910.000,20.000,324.000,1,1,2,1,0,True
5.572,2059445066832,4,0.572,741.000,910.000,21.000,324.000,1,1,2,1,0,True
5.606,2059445067000,4,0.722,741.000,910.000,22.000,326.000,1,1,2,1,0,True
5.639,2059445067168,4,0.730,743.000,912.000,23.000,328.000,1,1,2,1,0,True
5.672,2059445067336,4,0.772,742.000,916.000,23.000,329.000,1,1,2,1,0,True
5.706,2059445067504,4,0.692,736.000,918.000,24.000,329.000,1,1,2,1,0,True
5.739,2059445067672,4,0.552,737.000,918.000,21.000,330.000,1,1,2,1,0,True
5.772,2059445088384,4,0.564,747.000,909.000,27.000,324.000,1,1,2,1,0,True
5.806,2059445088552,4,0.506,748.000,910.000,25.000,323.000,1,1,2,1,0,True
5.839,2059445088720,4,0.622,748.000,911.000,25.000,323.000,1,1,2,1,0,True
5.873,2059445088888,4,0.673,748.000,913.000,27.000,324.000,1,1,2,1,0,True
5.906,2059445089056,4,0.707,748.000,911.000,24.000,321.000,1,1,2,1,0,True
5.939,2059445089224,4,0.712,746.000,914.000,24.000,320.000,1,1,2,1,0,True
5.973,2059445089392,4,0.712,738.000,921.000,19.000,322.000,1,1,2,1,0,True
6.006,2059445089560,4,0.718,748.000,917.000,27.000,323.000,1,1,2,1,0,True
6.039,2059445064144,4,0.788,751.000,918.000,25.000,324.000,1,1,2,1,0,True
6.073,2059445089896,4,0.800,754.000,918.000,25.000,323.000,1,1,2,1,0,True
6.106,2059445090064,4,0.796,754.000,917.000,28.000,324.000,1,1,2,1,0,True
6.139,2059445090232,4,0.655,753.000,918.000,27.000,324.000,1,1,2,1,0,True
6.173,2059445090400,4,0.694,743.000,922.000,17.000,323.000,1,1,2,1,0,True
6.206,2059445090568,4,0.722,749.000,918.000,24.000,321.000,1,1,2,1,0,True
6.240,2059445090736,4,0.738,751.000,921.000,26.000,324.000,1,1,2,1,0,True
6.273,2059445090904,4,0.684,752.000,922.000,28.000,327.000,1,1,2,1,0,True
6.306,2059445091072,4,0.792,751.000,921.000,30.000,330.000,1,1,2,1,0,True
6.340,2059445091240,4,0.787,747.000,922.000,31.000,326.000,1,1,1,1,0,True
6.373,2059445091408,4,0.743,749.000,921.000,32.000,328.000,1,1,1,1,0,True
6.406,2059445091576,4,0.739,750.000,922.000,28.000,325.000,1,1,2,1,0,True
6.440,2059445091744,4,0.771,749.000,922.000,26.000,323.000,1,1,2,1,0,True
6.473,2059445091912,4,0.747,750.000,923.000,27.000,327.000,1,1,2,1,0,True
6.507,2059445092080,4,0.772,749.000,925.000,29.000,325.000,1,1,2,1,0,True
6.540,2059445092248,4,0.791,748.000,925.000,30.000,326.000,1,1,2,1,0,True
6.573,2059445141632,4,0.802,749.000,924.000,31.000,322.000,1,1,1,1,0,True
6.607,2059445141800,4,0.791,752.000,922.000,28.000,323.000,1,1,2,1,0,True
6.640,2059445141968,4,0.818,753.000,924.000,28.000,321.000,1,1,2,1,0,True
6.673,2059445142136,4,0.837,755.000,926.000,27.000,320.000,1,1,2,1,0,True
6.707,2059445142304,4,0.836,756.000,926.000,25.000,321.000,1,1,2,1,0,True
6.740,2059445142472,4,0.847,755.000,929.000,29.000,322.000,1,1,2,1,0,True
6.773,2059445142640,4,0.888,759.000,929.000,32.000,321.000,1,1,1,1,0,True
6.807,2059445142808,4,0.881,758.000,928.000,30.000,321.000,1,1,2,1,0,True
6.840,2059445142976,4,0.910,760.000,929.000,29.000,319.000,1,1,2,1,0,True
6.874,2059445143144,4,0.875,762.000,929.000,26.000,321.000,1,1,2,1,0,True
6.907,2059445143312,4,0.812,762.000,931.000,23.000,323.000,1,1,2,1,0,True
6.940,2059445143480,4,0.728,761.000,929.000,24.000,325.000,1,1,2,1,0,True
6.974,2059445143648,4,0.739,759.000,931.000,25.000,323.000,1,1,2,1,0,True
7.007,2059445143816,4,0.808,757.000,931.000,27.000,322.000,1,1,2,1,0,True
7.040,2059445089728,4,0.750,760.000,930.000,28.000,323.000,1,1,2,1,0,True
7.074,2059445144152,4,0.710,764.000,930.000,27.000,324.000,1,1,2,1,0,True
7.107,2059445144320,4,0.759,762.000,932.000,23.000,322.000,1,1,2,1,0,True
7.140,2059445144488,4,0.748,761.000,932.000,23.000,324.000,1,1,2,1,0,True
7.174,2059445144656,4,0.806,758.000,935.000,28.000,322.000,1,1,2,1,0,True
7.207,2059445144824,4,0.900,757.000,935.000,28.000,321.000,1,1,2,1,0,True
7.241,2059445144992,4,0.900,756.000,933.000,28.000,321.000,1,1,2,1,0,True
7.274,2059445145160,4,0.888,756.000,933.000,31.000,322.000,1,1,1,1,0,True
7.307,2059445145328,4,0.847,758.000,933.000,31.000,323.000,1,1,1,1,0,True
7.341,2059445145496,4,0.863,759.000,934.000,29.000,322.000,1,1,2,1,0,True
7.374,2059438612608,4,0.855,757.000,935.000,27.000,319.000,1,1,2,1,0,True
7.407,2059438612776,4,0.820,759.000,935.000,28.000,322.000,1,1,2,1,0,True
7.441,2059438612944,4,0.829,759.000,937.000,29.000,323.000,1,1,2,1,0,True
7.474,2059438613112,4,0.772,763.000,934.000,29.000,322.000,1,1,2,1,0,True
7.508,2059438613280,4,0.752,761.000,935.000,31.000,323.000,1,1,1,1,0,True
7.541,2059438613448,4,0.727,761.000,933.000,29.000,321.000,1,1,2,1,0,True
7.574,2059438613616,4,0.735,755.000,938.000,23.000,323.000,1,1,2,1,0,True
7.608,2059438613784,4,0.714,760.000,932.000,25.000,320.000,1,1,2,1,0,True
7.641,2059438613952,4,0.602,760.000,937.000,26.000,320.000,1,1,2,1,0,True
7.674,2059438614120,4,0.636,762.000,942.000,26.000,321.000,1,1,2,1,0,True
7.708,2059438614288,4,0.658,762.000,940.000,29.000,321.000,1,1,2,1,0,True
7.741,2059438614456,4,0.648,765.000,937.000,29.000,322.000,1,1,2,1,0,True
7.774,2059438614624,4,0.649,763.000,941.000,33.000,320.000,1,1,1,1,0,True
7.808,2059438614792,4,0.642,760.000,944.000,32.000,316.000,1,1,1,1,0,True
7.841,2059438614960,4,0.631,760.000,943.000,30.000,316.000,1,1,2,1,0,True
7.875,2059438615128,4,0.610,759.000,945.000,29.000,316.000,1,1,2,1,0,True
7.908,2059438615296,4,0.556,762.000,945.000,29.000,318.000,1,1,2,1,0,True
7.941,2059438615464,4,0.600,763.000,946.000,29.000,319.000,1,1,2,1,0,True
7.975,2059438615632,4,0.652,764.000,943.000,28.000,320.000,1,1,2,1,0,True
8.008,2059438615800,4,0.674,764.000,945.000,31.000,319.000,1,1,1,1,0,True
8.041,2059445143984,4,0.652,762.000,945.000,33.000,318.000,1,1,1,1,0,True
8.075,2059438616136,4,0.583,762.000,945.000,29.000,318.000,1,1,2,1,0,True
8.108,2059438616304,4,0.535,764.000,946.000,29.000,319.000,1,1,2,1,0,True
8.141,2059438616472,4,0.554,764.000,944.000,29.000,320.000,1,1,2,1,0,True
8.175,2059445186688,4,0.604,763.000,945.000,31.000,319.000,1,1,1,1,0,True
8.208,2059445186856,4,0.643,759.000,948.000,30.000,321.000,1,1,2,1,0,True
8.242,2059445187024,4,0.613,761.000,947.000,31.000,322.000,1,1,1,1,0,True
8.275,2059445187192,4,0.629,762.000,945.000,30.000,323.000,1,1,2,1,0,True
8.308,2059445187360,4,0.580,763.000,945.000,27.000,322.000,1,1,2,1,0,True
8.342,2059445187528,4,0.505,759.000,952.000,25.000,324.000,1,1,2,1,0,True
8.375,2059445187696,4,0.513,766.000,946.000,27.000,323.000,1,1,2,1,0,True
8.408,2059445187864,4,0.552,764.000,947.000,26.000,322.000,1,1,2,1,0,True
8.442,2059445188032,4,0.514,752.000,962.000,29.000,341.000,1,1,2,1,0,True
8.475,2059445188200,4,0.444,764.000,951.000,28.000,323.000,1,1,2,1,0,True
8.509,2059445188368,4,0.455,767.000,949.000,27.000,323.000,1,1,2,1,0,True
8.542,2059445188536,4,0.527,769.000,945.000,26.000,322.000,1,1,2,1,0,True
8.575,2059445188704,4,0.544,767.000,945.000,27.000,320.000,1,1,2,1,0,True
8.609,2059445188872,4,0.520,765.000,949.000,29.000,316.000,1,1,2,1,0,True
8.642,2059445189040,4,0.428,768.000,948.000,28.000,317.000,1,1,2,1,0,True
8.675,2059445189208,4,0.403,768.000,948.000,28.000,317.000,1,1,2,1,0,True
8.709,2059445189376,4,0.362,768.000,950.000,30.000,316.000,1,1,2,1,0,True
8.742,2059445189544,4,0.432,768.000,948.000,32.000,319.000,1,1,1,1,0,True
8.775,2059445189712,4,0.368,771.000,947.000,31.000,319.000,1,1,1,1,0,True
8.809,2059445189880,4,0.368,771.000,947.000,26.000,318.000,1,1,2,1,0,True
8.842,2059445190048,4,0.353,804.000,972.000,19.000,324.000,1,1,2,1,0,True
8.876,2059445190216,4,0.292,802.000,974.000,18.000,327.000,1,1,2,1,0,True
8.909,2059445190384,4,0.272,798.000,977.000,19.000,325.000,1,1,2,1,0,True
8.942,2059445190552,4,0.335,797.000,979.000,20.000,324.000,1,1,2,1,0,True
8.976,2059445211264,4,0.346,767.000,979.000,32.000,341.000,1,1,1,1,0,True
9.009,2059445211432,4,0.338,802.000,973.000,17.000,323.000,1,1,2,1,0,True
9.042,2059438615968,4,0.443,803.000,974.000,17.000,319.000,1,1,2,1,0,True
9.076,2059445211768,4,0.625,807.000,974.000,15.000,318.000,1,1,2,1,0,True
9.109,2059445211936,4,0.701,807.000,974.000,17.000,319.000,1,1,2,1,0,True
9.142,2059445212104,4,0.660,806.000,976.000,21.000,319.000,1,1,2,1,0,True
9.176,2059445212272,4,0.540,802.000,980.000,20.000,323.000,1,1,2,1,0,True
9.209,2059445212440,4,0.555,806.000,981.000,18.000,327.000,1,1,2,1,0,True
9.243,2059445212608,4,0.534,808.000,981.000,14.000,326.000,1,1,2,1,0,True
9.276,2059445212776,4,0.590,808.000,979.000,15.000,325.000,1,1,2,1,0,True
9.309,2059445212944,4,0.682,813.000,977.000,15.000,326.000,1,1,2,1,0,True
9.343,2059445213112,4,0.594,813.000,980.000,16.000,328.000,1,1,2,1,0,True
9.376,2059445213280,4,0.634,806.000,985.000,18.000,327.000,1,1,2,1,0,True
9.409,2059445213448,4,0.442,815.000,979.000,30.000,326.000,1,1,2,1,0,True
9.443,2059445213616,4,0.558,806.000,986.000,21.000,330.000,1,1,2,1,0,True
9.476,2059445213784,4,0.791,816.000,982.000,19.000,327.000,1,1,2,1,0,True
9.509,2059445213952,4,0.798,814.000,982.000,20.000,326.000,1,1,2,1,0,True
9.543,2059445214120,4,0.583,807.000,983.000,20.000,325.000,1,1,2,1,0,True
9.576,2059445214288,4,0.523,808.000,985.000,19.000,329.000,1,1,2,1,0,True
9.610,2059445214456,4,0.756,812.000,987.000,17.000,335.000,1,1,2,1,0,True
9.643,2059445214624,4,0.813,812.000,988.000,18.000,330.000,1,1,2,1,0,True
9.676,2059445214792,4,0.726,818.000,981.000,29.000,325.000,1,1,2,1,0,True
9.710,2059445214960,4,0.663,813.000,984.000,30.000,324.000,1,1,2,1,0,True
9.743,2059445215128,4,0.698,809.000,983.000,29.000,322.000,1,1,2,1,0,True
9.776,2059445231744,4,0.830,808.000,991.000,20.000,329.000,1,1,2,1,0,True
9.810,2059445231912,4,0.866,810.000,992.000,17.000,327.000,1,1,2,1,0,True
9.843,2059445232080,4,0.812,811.000,991.000,14.000,328.000,1,1,2,1,0,True
9.877,2059445232248,4,0.774,812.000,991.000,14.000,332.000,1,1,2,1,0,True
9.910,2059445232416,4,0.776,815.000,986.000,29.000,323.000,1,1,2,1,0,True
9.943,2059445232584,4,0.748,807.000,989.000,17.000,330.000,1,1,2,1,0,True
9.977,2059445232752,4,0.760,802.000,993.000,20.000,330.000,1,1,2,1,0,True
10.010,2059445232920,4,0.699,806.000,989.000,25.000,324.000,1,1,2,1,0,True
10.043,2059445211600,4,0.707,808.000,989.000,24.000,326.000,1,1,2,1,0,True
10.077,2059445233256,4,0.828,814.000,989.000,28.000,323.000,1,1,2,1,0,True
10.110,2059445233424,4,0.812,816.000,990.000,27.000,325.000,1,1,2,1,0,True
10.143,2059445233592,4,0.798,815.000,989.000,29.000,326.000,1,1,2,1,0,True
10.177,2059445233760,4,0.730,813.000,989.000,32.000,324.000,1,1,1,1,0,True
10.210,2059445233928,4,0.785,814.000,989.000,31.000,322.000,1,1,1,1,0,True
10.244,2059445234096,4,0.838,812.000,991.000,29.000,323.000,1,1,2,1,0,True
10.277,2059445234264,4,0.856,812.000,991.000,25.000,321.000,1,1,2,1,0,True
10.310,2059445234432,4,0.824,817.000,992.000,26.000,324.000,1,1,2,1,0,True
10.344,2059445234600,4,0.854,815.000,993.000,19.000,332.000,1,1,2,1,0,True
10.377,2059445234768,4,0.730,806.000,995.000,20.000,335.000,1,1,2,1,0,True
10.410,2059445234936,4,0.762,805.000,996.000,21.000,336.000,1,1,2,1,0,True
10.444,2059445235104,4,0.748,804.000,997.000,19.000,335.000,1,1,2,1,0,True
10.477,2059445235272,4,0.765,815.000,990.000,31.000,329.000,1,1,1,1,0,True
10.510,2059445235440,4,0.775,810.000,994.000,31.000,330.000,1,1,1,1,0,True
10.544,2059445235608,4,0.845,814.000,996.000,29.000,328.000,1,1,2,1,0,True
10.577,2059445260360,4,0.884,815.000,996.000,32.000,328.000,1,1,1,1,0,True
10.611,2059445260584,4,0.909,817.000,998.000,33.000,326.000,1,1,1,1,0,True
10.644,2059445260752,4,0.878,817.000,998.000,33.000,326.000,1,1,1,1,0,True
10.677,2059445260864,4,0.879,819.000,998.000,32.000,326.000,1,1,1,1,0,True
10.711,2059445261032,4,0.854,820.000,998.000,32.000,325.000,1,1,1,1,0,True
10.744,2059445261200,4,0.828,820.000,998.000,29.000,323.000,1,1,2,1,0,True
10.777,2059445261368,4,0.792,818.000,1000.000,28.000,331.000,1,1,2,1,0,True
10.811,2059445261536,4,0.751,820.000,1001.000,29.000,330.000,1,1,2,1,0,True
10.844,2059445261704,4,0.743,821.000,1002.000,30.000,332.000,1,1,2,1,0,True
10.878,2059445261872,4,0.796,824.000,1001.000,30.000,334.000,1,1,2,1,0,True
10.911,2059445262040,4,0.820,822.000,1001.000,32.000,337.000,1,1,1,1,0,True
10.944,2059445262208,4,0.791,820.000,1001.000,32.000,334.000,1,1,1,1,0,True
10.978,2059445262376,4,0.800,817.000,1002.000,20.000,331.000,1,1,2,1,0,True
11.011,2059445262544,4,0.771,824.000,998.000,32.000,330.000,1,1,1,1,0,True
11.044,2059445233088,4,0.747,823.000,999.000,29.000,329.000,1,1,2,1,0,True
11.078,2059445262880,4,0.789,822.000,1000.000,26.000,335.000,1,1,2,1,0,True
11.111,2059445263048,4,0.782,821.000,1002.000,26.000,337.000,1,1,2,1,0,True
11.144,2059445263216,4,0.765,824.000,1002.000,28.000,338.000,1,1,2,1,0,True
11.178,2059445263384,4,0.712,827.000,1001.000,30.000,336.000,1,1,2,1,0,True
11.211,2059445263552,4,0.738,823.000,1002.000,18.000,335.000,1,1,2,1,0,True
11.245,2059445263720,4,0.752,822.000,1003.000,19.000,333.000,1,1,2,1,0,True
11.278,2059445263888,4,0.707,800.000,1016.000,28.000,344.000,1,1,2,1,0,True
11.311,2059445264056,4,0.810,800.000,1018.000,28.000,349.000,1,1,2,1,0,True
11.345,2059445264224,4,0.810,800.000,1018.000,28.000,346.000,1,1,2,1,0,True
11.378,2059439444096,4,0.829,803.000,1018.000,28.000,345.000,1,1,2,1,0,True
11.411,2059439444208,4,0.738,806.000,1017.000,29.000,343.000,1,1,2,1,0,True
11.445,2059439444376,4,0.693,830.000,1004.000,29.000,334.000,1,1,2,1,0,True
11.478,2059439444544,4,0.765,834.000,1002.000,28.000,331.000,1,1,2,1,0,True
11.511,2059439444712,4,0.769,834.000,1000.000,28.000,330.000,1,1,2,1,0,True
11.545,2059439444880,4,0.788,831.000,1002.000,28.000,329.000,1,1,2,1,0,True
11.578,2059439445048,4,0.773,803.000,1017.000,31.000,342.000,1,1,1,1,0,True
11.612,2059439445216,4,0.776,806.000,1018.000,29.000,342.000,1,1,2,1,0,True
11.645,2059439445384,4,0.776,805.000,1018.000,28.000,342.000,1,1,2,1,0,True
11.678,2059439445552,4,0.734,805.000,1019.000,28.000,337.000,1,1,2,1,0,True
11.712,2059439445720,4,0.679,803.000,1017.000,30.000,336.000,1,1,2,1,0,True
11.745,2059439445888,4,0.651,819.000,1010.000,21.000,330.000,1,1,2,1,0,True
11.778,2059439446056,4,0.659,801.000,1018.000,28.000,338.000,1,1,2,1,0,True
11.812,2059439446224,4,0.693,803.000,1024.000,28.000,342.000,1,1,2,1,0,True
11.845,2059439446392,4,0.744,803.000,1024.000,28.000,345.000,1,1,2,1,0,True
11.879,2059439446560,4,0.754,806.000,1023.000,28.000,342.000,1,1,2,1,0,True
11.912,2059439446728,4,0.744,804.000,1024.000,26.000,338.000,1,1,2,1,0,True
11.945,2059439446896,4,0.740,806.000,1023.000,24.000,337.000,1,1,2,1,0,True
11.979,2059439447064,4,0.752,807.000,1024.000,22.000,336.000,1,1,2,1,0,True
12.012,2059439447232,4,0.797,807.000,1023.000,25.000,339.000,1,1,2,1,0,True
12.045,2059445262712,4,0.764,805.000,1026.000,24.000,341.000,1,1,2,1,0,True
12.079,2059439447568,4,0.731,804.000,1024.000,24.000,339.000,1,1,2,1,0,True
12.112,2059439447736,4,0.745,804.000,1024.000,25.000,340.000,1,1,2,1,0,True
12.145,2059439447904,4,0.702,810.000,1026.000,22.000,340.000,1,1,2,1,0,True
12.179,2059439468616,4,0.686,809.000,1026.000,26.000,342.000,1,1,2,1,0,True
12.212,2059439468784,4,0.774,811.000,1026.000,27.000,343.000,1,1,2,1,0,True
12.246,2059439468952,4,0.777,807.000,1026.000,28.000,342.000,1,1,2,1,0,True
12.279,2059439469120,4,0.782,805.000,1026.000,28.000,342.000,1,1,2,1,0,True
12.312,2059439469288,4,0.716,808.000,1026.000,28.000,340.000,1,1,2,1,0,True
12.346,2059439469456,4,0.552,811.000,1025.000,27.000,338.000,1,1,2,1,0,True
12.379,2059439469624,4,0.567,815.000,1030.000,24.000,338.000,1,1,2,1,0,True
12.412,2059439469792,4,0.510,818.000,1031.000,24.000,337.000,1,1,2,1,0,True
12.446,2059439469960,4,0.599,816.000,1029.000,25.000,336.000,1,1,2,1,0,True
12.479,2059439470128,4,0.606,821.000,1031.000,24.000,338.000,1,1,2,1,0,True
12.512,2059439470296,4,0.655,823.000,1035.000,24.000,337.000,1,1,2,1,0,True
12.546,2059439470464,4,0.552,822.000,1037.000,26.000,337.000,1,1,2,1,0,True
12.579,2059439470632,4,0.693,817.000,1033.000,27.000,339.000,1,1,2,1,0,True
12.613,2059439470800,4,0.736,822.000,1035.000,25.000,339.000,1,1,2,1,0,True
12.646,2059439470968,4,0.809,825.000,1034.000,20.000,343.000,1,1,2,1,0,True
12.679,2059439471136,4,0.693,827.000,1035.000,22.000,344.000,1,1,2,1,0,True
12.713,2059439471304,4,0.589,825.000,1032.000,23.000,341.000,1,1,2,1,0,True
12.746,2059439471472,4,0.575,825.000,1035.000,26.000,339.000,1,1,2,1,0,True
12.779,2059439471640,4,0.528,830.000,1038.000,27.000,339.000,1,1,2,1,0,True
12.813,2059439471808,4,0.454,830.000,1039.000,29.000,338.000,1,1,2,1,0,True
12.846,2059439471976,4,0.652,827.000,1036.000,29.000,342.000,1,1,2,1,0,True
12.880,2059439472144,4,0.564,828.000,1037.000,30.000,342.000,1,1,2,1,0,True
12.913,2059439472312,4,0.474,831.000,1036.000,30.000,340.000,1,1,2,1,0,True
12.946,2059439472480,4,0.606,830.000,1036.000,24.000,342.000,1,1,2,1,0,True
12.980,2059445264512,4,0.641,827.000,1034.000,27.000,339.000,1,1,2,1,0,True
13.013,2059445264624,4,0.497,829.000,1034.000,25.000,340.000,1,1,2,1,0,True
13.046,2059439447400,4,0.495,832.000,1033.000,23.000,340.000,1,1,2,1,0,True
13.080,2059445264960,4,0.388,879.000,1041.000,8.000,334.000,1,1,2,1,0,True
13.113,2059445265128,4,0.497,834.000,1035.000,24.000,342.000,1,1,2,1,0,True
13.146,2059445265296,4,0.415,832.000,1034.000,25.000,341.000,1,1,2,1,0,True
13.180,2059445265464,4,0.457,835.000,1033.000,28.000,341.000,1,1,2,1,0,True
13.213,2059445265632,4,0.396,838.000,1037.000,29.000,341.000,1,1,2,1,0,True
13.247,2059445265800,4,0.467,875.000,1044.000,15.000,334.000,1,1,2,1,0,True
13.280,2059445265968,4,0.444,881.000,1039.000,22.000,328.000,1,1,2,1,0,True
13.313,2059445266136,4,0.404,884.000,1041.000,22.000,328.000,1,1,2,1,0,True
13.347,2059445266304,4,0.477,836.000,1042.000,18.000,344.000,1,1,2,1,0,True
13.380,2059445266472,4,0.616,836.000,1041.000,21.000,345.000,1,1,2,1,0,True
13.413,2059445266640,4,0.566,834.000,1041.000,21.000,343.000,1,1,2,1,0,True
13.447,2059445266808,4,0.603,836.000,1039.000,22.000,341.000,1,1,2,1,0,True
13.480,2059445266976,4,0.566,843.000,1044.000,22.000,340.000,1,1,2,1,0,True
13.513,2059445267144,4,0.454,844.000,1046.000,24.000,340.000,1,1,2,1,0,True
13.547,2059445267312,4,0.482,844.000,1047.000,26.000,340.000,1,1,2,1,0,True
13.580,2059445267480,4,0.604,837.000,1047.000,27.000,341.000,1,1,2,1,0,True
13.614,2059445267648,4,0.663,835.000,1047.000,22.000,342.000,1,1,2,1,0,True
13.647,2059445267816,4,0.652,836.000,1049.000,23.000,342.000,1,1,2,1,0,True
13.680,2059445267984,4,0.597,838.000,1051.000,24.000,342.000,1,1,2,1,0,True
13.714,2059445268152,4,0.677,836.000,1055.000,26.000,340.000,1,1,2,1,0,True
13.747,2059445268320,4,0.647,837.000,1055.000,26.000,340.000,1,1,2,1,0,True
13.780,2059439509632,4,0.791,835.000,1056.000,28.000,342.000,1,1,2,1,0,True
13.814,2059439509744,4,0.720,839.000,1057.000,26.000,346.000,1,1,2,1,0,True
13.847,2059439509912,4,0.695,844.000,1057.000,25.000,344.000,1,1,2,1,0,True
13.881,2059439510080,4,0.705,846.000,1058.000,25.000,346.000,1,1,2,1,0,True
13.914,2059439510248,4,0.818,844.000,1056.000,25.000,347.000,1,1,2,1,0,True
13.947,2059439510416,4,0.755,841.000,1056.000,26.000,346.000,1,1,2,1,0,True
13.981,2059439510584,4,0.791,841.000,1058.000,28.000,348.000,1,1,2,1,0,True
14.014,2059439510752,4,0.823,847.000,1062.000,27.000,350.000,1,1,2,1,0,True
14.047,2059445264792,4,0.803,857.000,1062.000,25.000,351.000,1,1,2,1,0,True
14.081,2059439511088,4,0.884,853.000,1060.000,22.000,353.000,1,1,2,1,0,True
14.114,2059439511256,4,0.883,851.000,1061.000,21.000,351.000,1,1,2,1,0,True
14.147,2059439511424,4,0.887,853.000,1061.000,21.000,353.000,1,1,2,1,0,True
14.181,2059439511592,4,0.820,858.000,1061.000,20.000,350.000,1,1,2,1,0,True
14.214,2059439511760,4,0.709,855.000,1061.000,19.000,349.000,1,1,2,1,0,True
14.248,2059439511928,4,0.807,852.000,1063.000,20.000,348.000,1,1,2,1,0,True
14.281,2059439512096,4,0.796,850.000,1064.000,19.000,345.000,1,1,2,1,0,True
14.314,2059439512264,4,0.839,857.000,1067.000,21.000,348.000,1,1,2,1,0,True
14.348,2059439512432,4,0.917,856.000,1069.000,24.000,348.000,1,1,2,1,0,True
14.381,2059439512600,4,0.806,865.000,1066.000,22.000,346.000,1,1,2,1,0,True
14.414,2059439512768,4,0.837,862.000,1066.000,22.000,347.000,1,1,2,1,0,True
14.448,2059439512936,4,0.722,882.000,1059.000,29.000,324.000,1,1,2,1,0,True
14.481,2059439513104,4,0.730,883.000,1060.000,28.000,323.000,1,1,2,1,0,True
14.514,2059439513272,4,0.770,863.000,1071.000,27.000,344.000,1,1,2,1,0,True
14.548,2059439513440,4,0.744,865.000,1070.000,26.000,344.000,1,1,2,1,0,True
14.581,2059439554632,4,0.784,866.000,1072.000,24.000,344.000,1,1,2,1,0,True
14.615,2059439554800,4,0.852,869.000,1072.000,22.000,345.000,1,1,2,1,0,True
14.648,2059439554968,4,0.759,868.000,1071.000,21.000,345.000,1,1,2,1,0,True
14.681,2059439555136,4,0.718,883.000,1066.000,14.000,328.000,1,1,2,1,0,True
14.715,2059439555304,4,0.748,884.000,1065.000,30.000,321.000,1,1,2,1,0,True
14.748,2059439555472,4,0.657,884.000,1065.000,31.000,321.000,1,1,1,1,0,True
14.781,2059439555640,4,0.803,866.000,1079.000,25.000,342.000,1,1,2,1,0,True
14.815,2059439555808,4,0.678,869.000,1080.000,27.000,341.000,1,1,2,1,0,True
14.848,2059439555976,4,0.625,870.000,1080.000,28.000,341.000,1,1,2,1,0,True
14.882,2059439556144,4,0.710,872.000,1081.000,29.000,343.000,1,1,2,1,0,True
14.915,2059439556312,4,0.631,868.000,1082.000,27.000,339.000,1,1,2,1,0,True
14.948,2059439556480,4,0.577,894.000,1065.000,33.000,324.000,1,1,1,1,0,True
14.982,2059439556648,4,0.621,871.000,1078.000,25.000,342.000,1,1,2,1,0,True
15.015,2059439556816,4,0.547,863.000,1071.000,25.000,342.000,1,1,2,1,0,True
15.048,2059439510920,4,0.593,864.000,1073.000,25.000,341.000,1,1,2,1,0,True
15.082,2059439557152,4,0.579,893.000,1063.000,26.000,328.000,1,1,2,1,0,True
15.115,2059439557320,4,0.602,879.000,1075.000,26.000,345.000,1,1,2,1,0,True
15.148,2059439557488,4,0.658,893.000,1067.000,24.000,337.000,1,1,2,1,0,True
15.182,2059439557656,4,0.677,878.000,1081.000,28.000,343.000,1,1,2,1,0,True
15.215,2059439557824,4,0.769,877.000,1083.000,29.000,345.000,1,1,2,1,0,True
15.249,2059439557992,4,0.792,873.000,1081.000,30.000,344.000,1,1,2,1,0,True
15.282,2059439558160,4,0.676,876.000,1083.000,29.000,341.000,1,1,2,1,0,True
15.315,2059439558328,4,0.649,895.000,1071.000,16.000,331.000,1,1,2,1,0,True
15.349,2059439558496,4,0.632,899.000,1070.000,25.000,330.000,1,1,2,1,0,True
15.382,2059439579264,4,0.638,898.000,1071.000,27.000,331.000,1,1,2,1,0,True
15.415,2059439579376,4,0.590,898.000,1072.000,25.000,330.000,1,1,2,1,0,True
15.449,2059439579544,4,0.616,880.000,1089.000,28.000,340.000,1,1,2,1,0,True
15.482,2059439579712,4,0.652,882.000,1086.000,26.000,342.000,1,1,2,1,0,True
15.515,2059439579880,4,0.571,895.000,1073.000,12.000,329.000,1,1,2,1,0,True
15.549,2059439580048,4,0.625,901.000,1072.000,27.000,326.000,1,1,2,1,0,True
15.582,2059439580216,4,0.727,883.000,1087.000,26.000,343.000,1,1,2,1,0,True
15.616,2059439580384,4,0.773,886.000,1098.000,28.000,341.000,1,1,2,1,0,True
15.649,2059439580552,4,0.717,887.000,1099.000,28.000,339.000,1,1,2,1,0,True
15.682,2059439580720,4,0.703,882.000,1097.000,27.000,337.000,1,1,2,1,0,True
15.716,2059439580888,4,0.756,881.000,1098.000,29.000,338.000,1,1,2,1,0,True
15.749,2059439581056,4,0.774,883.000,1099.000,30.000,339.000,1,1,2,1,0,True
15.782,2059439581224,4,0.763,883.000,1097.000,32.000,339.000,1,1,1,1,0,True
15.816,2059439581392,4,0.628,884.000,1097.000,29.000,339.000,1,1,2,1,0,True
15.849,2059439581560,4,0.718,882.000,1098.000,30.000,340.000,1,1,2,1,0,True
15.883,2059439581728,4,0.809,881.000,1097.000,25.000,340.000,1,1,2,1,0,True
15.916,2059439581896,4,0.668,880.000,1094.000,25.000,339.000,1,1,2,1,0,True
15.949,2059439582064,4,0.525,878.000,1091.000,24.000,338.000,1,1,2,1,0,True
15.983,2059439582232,4,0.696,883.000,1095.000,25.000,340.000,1,1,2,1,0,True
16.016,2059439582400,4,0.698,887.000,1095.000,23.000,341.000,1,1,2,1,0,True
16.049,2059439556984,4,0.677,886.000,1096.000,21.000,341.000,1,1,2,1,0,True
16.083,2059439582736,4,0.670,889.000,1102.000,23.000,342.000,1,1,2,1,0,True
16.116,2059439582904,4,0.725,891.000,1102.000,23.000,342.000,1,1,2,1,0,True
16.149,2059439583072,4,0.726,892.000,1100.000,19.000,343.000,1,1,2,1,0,True
16.183,2059439603784,4,0.702,891.000,1101.000,21.000,343.000,1,1,2,1,0,True
16.216,2059439603952,4,0.765,891.000,1103.000,24.000,344.000,1,1,2,1,0,True
16.250,2059439604120,4,0.755,890.000,1102.000,23.000,344.000,1,1,2,1,0,True
16.283,2059439604288,4,0.612,890.000,1101.000,20.000,344.000,1,1,2,1,0,True
16.316,2059439604456,4,0.583,888.000,1103.000,23.000,342.000,1,1,2,1,0,True
16.350,2059439604624,4,0.463,887.000,1103.000,22.000,342.000,1,1,2,1,0,True
16.383,2059439604792,4,0.546,885.000,1103.000,22.000,339.000,1,1,2,1,0,True
16.416,2059439604960,4,0.702,890.000,1102.000,17.000,341.000,1,1,2,1,0,True
16.450,2059439605128,4,0.680,892.000,1103.000,16.000,341.000,1,1,2,1,0,True
16.483,2059439605296,4,0.654,894.000,1107.000,16.000,340.000,1,1,2,1,0,True
16.516,2059439605464,4,0.477,893.000,1107.000,16.000,338.000,1,1,2,1,0,True
16.550,2059439605688,4,0.496,888.000,1102.000,18.000,338.000,1,1,2,1,0,True
16.583,2059439605856,4,0.413,887.000,1101.000,18.000,339.000,1,1,2,1,0,True
16.617,2059439606024,4,0.344,953.000,1099.000,31.000,326.000,1,1,1,1,0,True
16.650,2059439606192,4,0.345,892.000,1104.000,19.000,339.000,1,1,2,1,0,True
16.683,2059439606360,4,0.372,954.000,1101.000,31.000,324.000,1,1,1,1,0,True
16.717,2059439606528,4,0.416,894.000,1107.000,18.000,340.000,1,1,2,1,0,True
16.750,2059439606696,4,0.396,897.000,1108.000,17.000,341.000,1,1,2,1,0,True
16.783,2059439606864,4,0.491,895.000,1107.000,20.000,342.000,1,1,2,1,0,True
16.817,2059439607032,4,0.522,893.000,1107.000,21.000,340.000,1,1,2,1,0,True
16.850,2059439607200,4,0.528,896.000,1108.000,21.000,340.000,1,1,2,1,0,True
16.884,2059439607368,4,0.469,901.000,1110.000,18.000,341.000,1,1,2,1,0,True
16.917,2059439607536,4,0.480,897.000,1109.000,19.000,338.000,1,1,2,1,0,True
16.950,2059439607704,4,0.421,901.000,1107.000,19.000,339.000,1,1,2,1,0,True
16.984,2059439616128,4,0.493,904.000,1108.000,19.000,340.000,1,1,2,1,0,True
17.017,2059439616296,4,0.496,904.000,1107.000,16.000,340.000,1,1,2,1,0,True
17.050,2059439582568,4,0.552,899.000,1106.000,15.000,339.000,1,1,2,1,0,True
17.084,2059439616632,4,0.638,900.000,1108.000,15.000,338.000,1,1,2,1,0,True
17.117,2059439616800,4,0.530,903.000,1110.000,15.000,337.000,1,1,2,1,0,True
17.150,2059439616968,4,0.527,903.000,1110.000,16.000,338.000,1,1,2,1,0,True
17.184,2059439617136,4,0.454,943.000,1114.000,7.000,327.000,1,1,2,1,0,True
17.217,2059439617304,4,0.450,947.000,1113.000,8.000,328.000,1,1,2,1,0,True
17.251,2059439617472,4,0.514,952.000,1112.000,27.000,323.000,1,1,2,1,0,True
17.284,2059439617640,4,0.507,909.000,1115.000,15.000,342.000,1,1,2,1,0,True
17.317,2059439617808,4,0.618,902.000,1114.000,16.000,339.000,1,1,2,1,0,True
17.351,2059439617976,4,0.506,903.000,1114.000,17.000,339.000,1,1,2,1,0,True
17.384,2059439618144,4,0.413,903.000,1112.000,17.000,338.000,1,1,2,1,0,True
17.417,2059439618312,4,0.430,905.000,1112.000,16.000,338.000,1,1,2,1,0,True
17.451,2059439618480,4,0.416,949.000,1111.000,29.000,321.000,1,1,2,1,0,True
17.484,2059439618648,4,0.465,908.000,1113.000,15.000,339.000,1,1,2,1,0,True
17.517,2059439618816,4,0.561,946.000,1116.000,9.000,331.000,1,1,2,1,0,True
17.551,2059439618984,4,0.612,951.000,1115.000,9.000,333.000,1,1,2,1,0,True
17.584,2059439619152,4,0.587,949.000,1115.000,11.000,338.000,1,1,2,1,0,True
17.618,2059439619320,4,0.600,948.000,1117.000,11.000,337.000,1,1,2,1,0,True
17.651,2059439619488,4,0.524,951.000,1118.000,9.000,338.000,1,1,2,1,0,True
17.684,2059439619656,4,0.437,956.000,1116.000,28.000,325.000,1,1,2,1,0,True
17.718,2059439619824,4,0.430,958.000,1117.000,28.000,325.000,1,1,2,1,0,True
17.751,2059439619992,4,0.453,958.000,1119.000,24.000,324.000,1,1,2,1,0,True
17.784,2059439652992,4,0.494,910.000,1120.000,11.000,340.000,1,1,2,1,0,True
17.818,2059439653160,4,0.497,959.000,1118.000,23.000,322.000,1,1,2,1,0,True
17.851,2059439653328,4,0.542,959.000,1119.000,24.000,323.000,1,1,2,1,0,True
17.885,2059439653496,4,0.639,912.000,1125.000,14.000,343.000,1,1,2,1,0,True
17.918,2059439653664,4,0.598,912.000,1124.000,14.000,342.000,1,1,2,1,0,True
17.951,2059439653832,4,0.542,912.000,1124.000,15.000,342.000,1,1,2,1,0,True
17.985,2059439654000,4,0.494,923.000,1128.000,26.000,337.000,1,1,2,1,0,True
18.018,2059439654168,4,0.591,955.000,1122.000,9.000,331.000,1,1,2,1,0,True
18.051,2059439616464,4,0.568,953.000,1122.000,8.000,329.000,1,1,2,1,0,True
18.085,2059439654504,4,0.466,951.000,1120.000,26.000,325.000,1,1,2,1,0,True
18.118,2059439654672,4,0.452,951.000,1120.000,27.000,326.000,1,1,2,1,0,True
18.151,2059439654840,4,0.529,950.000,1123.000,25.000,324.000,1,1,2,1,0,True
18.185,2059439655008,4,0.584,952.000,1123.000,26.000,323.000,1,1,2,1,0,True
18.218,2059439655176,4,0.589,954.000,1125.000,26.000,323.000,1,1,2,1,0,True
18.252,2059439655344,4,0.492,957.000,1126.000,22.000,324.000,1,1,2,1,0,True
18.285,2059439655512,4,0.530,958.000,1126.000,23.000,324.000,1,1,2,1,0,True
18.318,2059439655680,4,0.566,958.000,1126.000,26.000,324.000,1,1,2,1,0,True
18.352,2059439655848,4,0.645,956.000,1128.000,29.000,324.000,1,1,2,1,0,True
18.385,2059439656016,4,0.595,960.000,1127.000,27.000,323.000,1,1,2,1,0,True
18.418,2059439656184,4,0.570,966.000,1124.000,28.000,325.000,1,1,2,1,0,True
18.452,2059439656352,4,0.600,961.000,1126.000,29.000,324.000,1,1,2,1,0,True
18.485,2059439656520,4,0.583,960.000,1128.000,28.000,322.000,1,1,2,1,0,True
18.518,2059439656688,4,0.639,961.000,1130.000,30.000,321.000,1,1,2,1,0,True
18.552,2059439656856,4,0.650,963.000,1130.000,31.000,329.000,1,1,1,1,0,True
18.585,2059439657088,4,0.641,967.000,1128.000,31.000,335.000,1,1,1,1,0,True
18.619,2059439657256,4,0.645,967.000,1129.000,29.000,327.000,1,1,2,1,0,True
18.652,2059439657424,4,0.633,971.000,1130.000,26.000,327.000,1,1,2,1,0,True
18.685,2059439657592,4,0.672,971.000,1131.000,25.000,326.000,1,1,2,1,0,True
18.719,2059439657760,4,0.782,971.000,1133.000,27.000,326.000,1,1,2,1,0,True
18.752,2059439657928,4,0.724,971.000,1131.000,28.000,325.000,1,1,2,1,0,True
18.785,2059439658096,4,0.688,964.000,1130.000,28.000,327.000,1,1,2,1,0,True
18.819,2059439658264,4,0.633,965.000,1131.000,28.000,329.000,1,1,2,1,0,True
18.852,2059439658432,4,0.662,972.000,1133.000,26.000,328.000,1,1,2,1,0,True
18.886,2059439658600,4,0.735,971.000,1134.000,25.000,333.000,1,1,2,1,0,True
18.919,2059439658768,4,0.747,968.000,1134.000,28.000,332.000,1,1,2,1,0,True
18.952,2059439658936,4,0.687,972.000,1135.000,25.000,333.000,1,1,2,1,0,True
18.986,2059439659104,4,0.689,967.000,1134.000,23.000,331.000,1,1,2,1,0,True
19.019,2059439659272,4,0.603,967.000,1132.000,24.000,330.000,1,1,2,1,0,True
19.052,2059439654336,4,0.615,938.000,1135.000,23.000,338.000,1,1,2,1,0,True
19.086,2059439659608,4,0.625,968.000,1134.000,24.000,324.000,1,1,2,1,0,True
19.119,2059439659776,4,0.651,939.000,1137.000,25.000,336.000,1,1,2,1,0,True
19.152,2059439659944,4,0.725,939.000,1138.000,26.000,338.000,1,1,2,1,0,True
19.186,2059439660112,4,0.750,939.000,1139.000,27.000,340.000,1,1,2,1,0,True
19.219,2059439660280,4,0.700,944.000,1142.000,26.000,340.000,1,1,2,1,0,True
19.253,2059439660448,4,0.738,941.000,1142.000,26.000,341.000,1,1,2,1,0,True
19.286,2059439660616,4,0.760,939.000,1141.000,24.000,342.000,1,1,2,1,0,True
19.319,2059439660784,4,0.717,942.000,1140.000,24.000,339.000,1,1,2,1,0,True
19.353,2059439660952,4,0.778,946.000,1143.000,23.000,340.000,1,1,2,1,0,True
19.386,2059439607936,4,0.844,943.000,1141.000,25.000,341.000,1,1,2,1,0,True
19.419,2059439608104,4,0.764,943.000,1142.000,25.000,335.000,1,1,2,1,0,True
19.453,2059439608272,4,0.715,945.000,1142.000,25.000,335.000,1,1,2,1,0,True
19.486,2059439608440,4,0.716,972.000,1138.000,14.000,339.000,1,1,2,1,0,True
19.519,2059439608608,4,0.774,947.000,1140.000,23.000,339.000,1,1,2,1,0,True
19.553,2059439608776,4,0.810,942.000,1140.000,23.000,339.000,1,1,2,1,0,True
19.586,2059439608944,4,0.734,945.000,1143.000,24.000,337.000,1,1,2,1,0,True
19.620,2059439609112,4,0.697,943.000,1143.000,24.000,334.000,1,1,2,1,0,True
19.653,2059439609280,4,0.784,942.000,1145.000,23.000,334.000,1,1,2,1,0,True
19.686,2059439609448,4,0.875,942.000,1145.000,21.000,337.000,1,1,2,1,0,True
19.720,2059439609616,4,0.888,940.000,1145.000,22.000,338.000,1,1,2,1,0,True
19.753,2059439609784,4,0.897,941.000,1145.000,21.000,339.000,1,1,2,1,0,True
19.786,2059439609952,4,0.889,947.000,1150.000,22.000,335.000,1,1,2,1,0,True
19.820,2059439610120,4,0.913,943.000,1150.000,22.000,339.000,1,1,2,1,0,True
19.853,2059439610288,4,0.881,943.000,1147.000,23.000,341.000,1,1,2,1,0,True
19.887,2059439610456,4,0.913,940.000,1147.000,23.000,344.000,1,1,2,1,0,True
19.920,2059439610624,4,0.951,933.000,1150.000,24.000,344.000,1,1,2,1,0,True
19.953,2059439610792,4,0.929,935.000,1150.000,25.000,343.000,1,1,2,1,0,True
19.987,2059439610960,4,0.910,940.000,1147.000,26.000,340.000,1,1,2,1,0,True
20.020,2059439611128,4,0.902,944.000,1150.000,26.000,340.000,1,1,2,1,0,True
20.053,2059439659440,4,0.908,942.000,1151.000,26.000,342.000,1,1,2,1,0,True
20.087,2059439611464,4,0.879,943.000,1152.000,26.000,341.000,1,1,2,1,0,True
20.120,2059439611632,4,0.875,947.000,1154.000,25.000,342.000,1,1,2,1,0,True
20.153,2059439611800,4,0.892,943.000,1152.000,24.000,341.000,1,1,2,1,0,True
20.187,2059439685760,4,0.911,940.000,1153.000,22.000,342.000,1,1,2,1,0,True
20.220,2059439685928,4,0.925,939.000,1154.000,25.000,345.000,1,1,2,1,0,True
20.254,2059439686096,4,0.902,945.000,1155.000,25.000,344.000,1,1,2,1,0,True
20.287,2059439686264,4,0.894,946.000,1154.000,24.000,345.000,1,1,2,1,0,True
20.320,2059439686432,4,0.850,946.000,1155.000,24.000,340.000,1,1,2,1,0,True
20.354,2059439686600,4,0.828,956.000,1158.000,23.000,341.000,1,1,2,1,0,True
20.387,2059439686768,4,0.907,954.000,1162.000,21.000,344.000,1,1,2,1,0,True
20.420,2059439686936,4,0.882,956.000,1162.000,20.000,343.000,1,1,2,1,0,True
20.454,2059439687104,4,0.869,954.000,1162.000,23.000,342.000,1,1,2,1,0,True
20.487,2059439687272,4,0.873,959.000,1164.000,24.000,341.000,1,1,2,1,0,True
20.520,2059439687440,4,0.797,960.000,1164.000,26.000,339.000,1,1,2,1,0,True
20.554,2059439687608,4,0.747,962.000,1161.000,24.000,339.000,1,1,2,1,0,True
20.587,2059439687776,4,0.816,958.000,1161.000,23.000,339.000,1,1,2,1,0,True
20.621,2059439687944,4,0.601,966.000,1166.000,24.000,336.000,1,1,2,1,0,True
20.654,2059439688112,4,0.519,968.000,1167.000,24.000,335.000,1,1,2,1,0,True
20.687,2059439688280,4,0.649,967.000,1165.000,21.000,333.000,1,1,2,1,0,True
20.721,2059439688448,4,0.624,966.000,1166.000,21.000,333.000,1,1,2,1,0,True
20.754,2059439688616,4,0.588,967.000,1164.000,19.000,333.000,1,1,2,1,0,True
20.787,2059439688784,4,0.515,971.000,1165.000,19.000,332.000,1,1,2,1,0,True
20.821,2059439688952,4,0.577,962.000,1163.000,22.000,333.000,1,1,2,1,0,True
20.854,2059439689120,4,0.567,962.000,1166.000,25.000,333.000,1,1,2,1,0,True
20.888,2059439689288,4,0.491,966.000,1166.000,24.000,334.000,1,1,2,1,0,True
20.921,2059439689456,4,0.410,970.000,1168.000,24.000,332.000,1,1,2,1,0,True
20.954,2059439689624,4,0.450,1022.000,1171.000,30.000,323.000,1,1,2,1,0,True
20.988,2059444002944,4,0.463,1020.000,1171.000,31.000,323.000,1,1,1,1,0,True
21.021,2059444003112,4,0.628,971.000,1169.000,24.000,335.000,1,1,2,1,0,True
21.054,2059439611296,4,0.509,971.000,1167.000,26.000,337.000,1,1,2,1,0,True
21.088,2059444003448,4,0.547,973.000,1167.000,24.000,339.000,1,1,2,1,0,True
21.121,2059444003616,4,0.574,977.000,1168.000,21.000,338.000,1,1,2,1,0,True
21.154,2059444003784,4,0.571,977.000,1170.000,20.000,339.000,1,1,2,1,0,True
21.188,2059444003952,4,0.590,977.000,1171.000,18.000,337.000,1,1,2,1,0,True
21.221,2059444004120,4,0.520,1020.000,1173.000,26.000,327.000,1,1,2,1,0,True
21.255,2059444004288,4,0.626,1020.000,1173.000,32.000,325.000,1,1,1,1,0,True
21.288,2059444004456,4,0.576,1016.000,1174.000,32.000,325.000,1,1,1,1,0,True
21.321,2059444004624,4,0.628,976.000,1176.000,25.000,341.000,1,1,2,1,0,True
21.355,2059444004792,4,0.691,980.000,1177.000,20.000,350.000,1,1,2,1,0,True
21.388,2059444004960,4,0.649,985.000,1178.000,17.000,347.000,1,1,2,1,0,True
21.421,2059444005128,4,0.571,1018.000,1176.000,25.000,331.000,1,1,2,1,0,True
21.455,2059444005296,4,0.602,1016.000,1177.000,28.000,328.000,1,1,2,1,0,True
21.488,2059444005464,4,0.641,1017.000,1177.000,29.000,328.000,1,1,2,1,0,True
21.521,2059444005632,4,0.595,988.000,1176.000,17.000,346.000,1,1,2,1,0,True
21.555,2059444005800,4,0.574,991.000,1178.000,15.000,347.000,1,1,2,1,0,True
21.588,2059444005968,4,0.571,1025.000,1177.000,26.000,332.000,1,1,2,1,0,True
21.622,2059444006136,4,0.644,1024.000,1178.000,26.000,332.000,1,1,2,1,0,True
21.655,2059444006304,4,0.692,1016.000,1186.000,11.000,343.000,1,1,2,1,0,True
21.688,2059444006416,4,0.707,1016.000,1186.000,11.000,344.000,1,1,2,1,0,True
21.722,2059444006584,4,0.748,1027.000,1176.000,27.000,326.000,1,1,2,1,0,True
21.755,2059444006752,4,0.678,1026.000,1174.000,26.000,324.000,1,1,2,1,0,True
21.788,2059443978312,4,0.612,1023.000,1177.000,25.000,327.000,1,1,2,1,0,True
21.822,2059443978480,4,0.615,1023.000,1179.000,24.000,326.000,1,1,2,1,0,True
21.855,2059443978648,4,0.628,1022.000,1181.000,26.000,331.000,1,1,2,1,0,True
21.889,2059443978816,4,0.678,1026.000,1181.000,24.000,329.000,1,1,2,1,0,True
21.922,2059443978984,4,0.672,1028.000,1181.000,24.000,329.000,1,1,2,1,0,True
21.955,2059443979152,4,0.684,1030.000,1179.000,25.000,329.000,1,1,2,1,0,True
21.989,2059443979320,4,0.672,1029.000,1178.000,26.000,330.000,1,1,2,1,0,True
22.022,2059443979488,4,0.637,1026.000,1181.000,26.000,330.000,1,1,2,1,0,True
22.055,2059444003280,4,0.621,1026.000,1182.000,24.000,328.000,1,1,2,1,0,True
22.089,2059443979824,4,0.601,1026.000,1185.000,22.000,328.000,1,1,2,1,0,True
22.122,2059443979992,4,0.628,1023.000,1185.000,6.000,339.000,1,1,2,1,0,True
22.155,2059443980160,4,0.686,1024.000,1186.000,22.000,333.000,1,1,2,1,0,True
22.189,2059443980328,4,0.705,1029.000,1185.000,22.000,329.000,1,1,2,1,0,True
22.222,2059443980496,4,0.697,1032.000,1183.000,25.000,330.000,1,1,2,1,0,True
22.256,2059443980664,4,0.671,1032.000,1184.000,23.000,330.000,1,1,2,1,0,True
22.289,2059443980832,4,0.698,1028.000,1182.000,24.000,330.000,1,1,2,1,0,True
22.322,2059443981000,4,0.642,1026.000,1183.000,24.000,328.000,1,1,2,1,0,True
22.356,2059443981168,4,0.635,1027.000,1184.000,12.000,332.000,1,1,2,1,0,True
22.389,2059443981336,4,0.620,1022.000,1188.000,25.000,330.000,1,1,2,1,0,True
22.422,2059443981504,4,0.672,1023.000,1189.000,25.000,327.000,1,1,2,1,0,True
22.456,2059443981672,4,0.635,1023.000,1189.000,24.000,327.000,1,1,2,1,0,True
22.489,2059443981840,4,0.586,1024.000,1190.000,25.000,328.000,1,1,2,1,0,True
22.522,2059443982008,4,0.668,1022.000,1190.000,25.000,327.000,1,1,2,1,0,True
22.556,2059443982176,4,0.769,1025.000,1190.000,26.000,329.000,1,1,2,1,0,True
22.589,2059444019272,4,0.764,1026.000,1189.000,26.000,327.000,1,1,2,1,0,True
22.623,2059444019440,4,0.771,1029.000,1188.000,26.000,325.000,1,1,2,1,0,True
22.656,2059444019608,4,0.797,1029.000,1190.000,25.000,324.000,1,1,2,1,0,True
22.689,2059444019776,4,0.748,1027.000,1191.000,26.000,325.000,1,1,2,1,0,True
22.723,2059444019944,4,0.668,1028.000,1193.000,26.000,325.000,1,1,2,1,0,True
22.756,2059444020112,4,0.658,1030.000,1195.000,23.000,324.000,1,1,2,1,0,True
22.789,2059444020280,4,0.761,1025.000,1193.000,23.000,323.000,1,1,2,1,0,True
22.823,2059444020448,4,0.819,1026.000,1193.000,25.000,323.000,1,1,2,1,0,True
22.856,2059444020616,4,0.809,1027.000,1194.000,26.000,325.000,1,1,2,1,0,True
22.890,2059444020784,4,0.790,1027.000,1194.000,28.000,325.000,1,1,2,1,0,True
22.923,2059444020952,4,0.722,1025.000,1195.000,27.000,325.000,1,1,2,1,0,True
22.956,2059444021120,4,0.676,1027.000,1196.000,22.000,323.000,1,1,2,1,0,True
22.990,2059444021288,4,0.710,1026.000,1196.000,21.000,321.000,1,1,2,1,0,True
23.023,2059444021456,4,0.676,1028.000,1196.000,21.000,323.000,1,1,2,1,0,True
23.056,2059443979656,4,0.688,1027.000,1197.000,22.000,323.000,1,1,2,1,0,True
23.090,2059444021792,4,0.714,1029.000,1198.000,22.000,322.000,1,1,2,1,0,True
23.123,2059444021960,4,0.537,1032.000,1199.000,22.000,325.000,1,1,2,1,0,True
23.156,2059444022128,4,0.580,1033.000,1198.000,23.000,326.000,1,1,2,1,0,True
23.190,2059444022296,4,0.548,1033.000,1197.000,26.000,326.000,1,1,2,1,0,True
23.223,2059444022464,4,0.569,1033.000,1196.000,25.000,324.000,1,1,2,1,0,True
23.257,2059444022632,4,0.675,1032.000,1196.000,25.000,325.000,1,1,2,1,0,True
23.290,2059444022800,4,0.705,1031.000,1196.000,27.000,320.000,1,1,2,1,0,True
23.323,2059444022968,4,0.689,1031.000,1197.000,26.000,320.000,1,1,2,1,0,True
23.357,2059444023136,4,0.672,1035.000,1197.000,24.000,322.000,1,1,2,1,0,True
23.390,2059444068424,4,0.660,1033.000,1196.000,23.000,326.000,1,1,2,1,0,True
23.423,2059444068592,4,0.601,1032.000,1197.000,24.000,326.000,1,1,2,1,0,True
23.457,2059444068760,4,0.620,1032.000,1198.000,26.000,327.000,1,1,2,1,0,True
23.490,2059444068928,4,0.507,1030.000,1202.000,22.000,323.000,1,1,2,1,0,True
23.523,2059444069096,4,0.491,1032.000,1203.000,21.000,321.000,1,1,2,1,0,True
23.557,2059444069264,4,0.592,1010.000,1231.000,25.000,341.000,1,1,2,1,0,True
23.590,2059444069432,4,0.564,1017.000,1232.000,23.000,341.000,1,1,2,1,0,True
23.624,2059444069600,4,0.498,1015.000,1232.000,24.000,342.000,1,1,2,1,0,True
23.657,2059444069768,4,0.446,1039.000,1204.000,24.000,328.000,1,1,2,1,0,True
23.690,2059444069936,4,0.472,1040.000,1203.000,22.000,323.000,1,1,2,1,0,True
23.724,2059444070104,4,0.452,1038.000,1204.000,16.000,332.000,1,1,2,1,0,True
23.757,2059444070272,4,0.410,1037.000,1206.000,17.000,332.000,1,1,2,1,0,True
23.790,2059444070440,4,0.411,1036.000,1209.000,17.000,334.000,1,1,2,1,0,True
23.824,2059444070608,4,0.435,1016.000,1232.000,23.000,341.000,1,1,2,1,0,True
23.857,2059444070776,4,0.469,1016.000,1231.000,21.000,340.000,1,1,2,1,0,True
23.891,2059444070944,4,0.418,1019.000,1239.000,20.000,339.000,1,1,2,1,0,True
23.924,2059444071112,4,0.446,1021.000,1238.000,20.000,342.000,1,1,2,1,0,True
23.957,2059444071280,4,0.460,1023.000,1239.000,21.000,344.000,1,1,2,1,0,True
23.991,2059444071448,4,0.490,1021.000,1239.000,21.000,345.000,1,1,2,1,0,True
24.024,2059444071616,4,0.599,1019.000,1235.000,26.000,346.000,1,1,2,1,0,True
24.057,2059444021624,4,0.497,1034.000,1210.000,26.000,328.000,1,1,2,1,0,True
24.091,2059444071952,4,0.466,1038.000,1212.000,24.000,323.000,1,1,2,1,0,True
24.124,2059444072120,4,0.479,1039.000,1213.000,20.000,320.000,1,1,2,1,0,True
24.157,2059444072288,4,0.550,1039.000,1212.000,21.000,321.000,1,1,2,1,0,True
24.191,2059444064384,4,0.565,1037.000,1210.000,24.000,324.000,1,1,2,1,0,True
24.224,2059444064496,4,0.513,1037.000,1212.000,20.000,319.000,1,1,2,1,0,True
24.258,2059444064664,4,0.506,1021.000,1238.000,21.000,334.000,1,1,2,1,0,True
24.291,2059444064832,4,0.477,1019.000,1235.000,19.000,338.000,1,1,2,1,0,True
24.324,2059444065000,4,0.486,1020.000,1238.000,19.000,338.000,1,1,2,1,0,True
24.358,2059444065168,4,0.470,1022.000,1238.000,21.000,342.000,1,1,2,1,0,True
24.391,2059444065336,4,0.475,1020.000,1239.000,23.000,338.000,1,1,2,1,0,True
24.424,2059444065504,4,0.391,1023.000,1242.000,20.000,336.000,1,1,2,1,0,True
24.458,2059444065672,4,0.356,1024.000,1243.000,19.000,339.000,1,1,2,1,0,True
24.491,2059444065840,4,0.398,1026.000,1245.000,19.000,341.000,1,1,2,1,0,True
24.524,2059444066008,4,0.558,1026.000,1246.000,20.000,346.000,1,1,2,1,0,True
24.558,2059444066176,4,0.525,1029.000,1246.000,18.000,349.000,1,1,2,1,0,True
24.591,2059444066344,4,0.488,1028.000,1241.000,19.000,345.000,1,1,2,1,0,True
24.625,2059444066512,4,0.408,1028.000,1239.000,19.000,340.000,1,1,2,1,0,True
24.658,2059444066680,4,0.462,1030.000,1243.000,15.000,337.000,1,1,2,1,0,True
24.691,2059444066848,4,0.488,1029.000,1245.000,14.000,337.000,1,1,2,1,0,True
24.725,2059444067016,4,0.565,1029.000,1246.000,16.000,339.000,1,1,2,1,0,True
24.758,2059444067184,4,0.640,1027.000,1246.000,17.000,340.000,1,1,2,1,0,True
24.791,2059444067352,4,0.619,1029.000,1244.000,15.000,341.000,1,1,2,1,0,True
24.825,2059444067520,4,0.667,1028.000,1248.000,17.000,347.000,1,1,2,1,0,True
24.858,2059444067688,4,0.643,1028.000,1248.000,17.000,344.000,1,1,2,1,0,True
24.892,2059444067856,4,0.666,1028.000,1249.000,16.000,344.000,1,1,2,1,0,True
24.925,2059444068024,4,0.636,1028.000,1251.000,17.000,342.000,1,2,2,1,0,True
24.958,2059444068192,4,0.660,1028.000,1252.000,17.000,343.000,1,2,2,1,0,True
24.992,2059444138056,4,0.610,1027.000,1251.000,17.000,345.000,1,2,2,1,0,True
25.025,2059444138224,4,0.697,1026.000,1252.000,17.000,346.000,1,2,2,1,0,True
25.058,2059444071784,4,0.707,1027.000,1255.000,18.000,346.000,1,2,2,1,0,True
25.092,2059444138560,4,0.632,1029.000,1256.000,17.000,346.000,1,2,2,1,0,True
25.125,2059444138728,4,0.590,1043.000,1274.000,11.000,345.000,1,2,2,1,0,True
25.158,2059444138896,4,0.601,1026.000,1255.000,14.000,346.000,1,2,2,1,0,True
25.192,2059444139064,4,0.591,1025.000,1254.000,14.000,343.000,1,2,2,1,0,True
25.225,2059444139232,4,0.571,1025.000,1252.000,13.000,347.000,1,2,2,1,0,True
25.259,2059444139400,4,0.572,1026.000,1251.000,12.000,346.000,1,2,2,1,0,True
25.292,2059444139568,4,0.560,1023.000,1251.000,11.000,345.000,1,2,2,1,0,True
25.325,2059444139736,4,0.556,1046.000,1273.000,8.000,344.000,1,2,2,1,0,True
25.359,2059444139904,4,0.604,1048.000,1273.000,10.000,347.000,1,2,2,1,0,True
25.392,2059444140072,4,0.657,1044.000,1274.000,10.000,349.000,1,2,2,1,0,True
25.425,2059444140240,4,0.739,1040.000,1272.000,8.000,349.000,1,2,2,1,0,True
25.459,2059444140408,4,0.694,1040.000,1272.000,9.000,349.000,1,2,2,1,0,True
25.492,2059444140576,4,0.732,1040.000,1273.000,9.000,350.000,1,2,2,1,0,True
25.525,2059444140744,4,0.711,1043.000,1275.000,10.000,349.000,1,2,2,1,0,True
25.559,2059444140912,4,0.728,1043.000,1276.000,10.000,348.000,1,2,2,1,0,True
25.592,2059444141080,4,0.647,1048.000,1274.000,13.000,346.000,1,2,2,1,0,True
25.626,2059444141248,4,0.694,1045.000,1275.000,10.000,348.000,1,2,2,1,0,True
25.659,2059444141416,4,0.693,1043.000,1274.000,10.000,348.000,1,2,2,1,0,True
25.692,2059444141584,4,0.712,1032.000,1255.000,11.000,348.000,1,2,2,1,0,True
25.726,2059444141752,4,0.671,1027.000,1257.000,10.000,346.000,1,2,2,1,0,True
25.759,2059444141920,4,0.699,1028.000,1258.000,10.000,346.000,1,2,2,1,0,True
25.792,2059444154440,4,0.744,1043.000,1272.000,9.000,348.000,1,2,2,1,0,True
25.826,2059444154608,4,0.736,1046.000,1273.000,9.000,348.000,1,2,2,1,0,True
25.859,2059444154776,4,0.734,1045.000,1274.000,9.000,348.000,1,2,2,1,0,True
25.893,2059444154944,4,0.689,1045.000,1273.000,9.000,348.000,1,2,2,1,0,True
25.926,2059444155112,4,0.642,1045.000,1273.000,8.000,347.000,1,2,2,1,0,True
25.959,2059444155280,4,0.698,1045.000,1273.000,8.000,348.000,1,2,2,1,0,True
25.993,2059444155448,4,0.775,1044.000,1273.000,8.000,350.000,1,2,2,1,0,True
26.026,2059444155616,4,0.785,1046.000,1276.000,6.000,351.000,1,2,2,1,0,True
26.059,2059444138392,4,0.781,1045.000,1275.000,6.000,349.000,1,2,2,1,0,True
26.093,2059444155952,4,0.785,1047.000,1276.000,5.000,351.000,1,2,2,1,0,True
26.126,2059444156120,4,0.797,1044.000,1275.000,4.000,351.000,1,2,2,1,0,True
26.159,2059444156288,4,0.759,1045.000,1273.000,5.000,351.000,1,2,2,1,0,True
26.193,2059444156456,4,0.797,1047.000,1275.000,6.000,351.000,1,2,2,1,0,True
26.226,2059444156624,4,0.788,1047.000,1275.000,6.000,351.000,1,2,2,1,0,True
26.260,2059444156792,4,0.801,1049.000,1275.000,4.000,350.000,1,2,2,1,0,True
26.293,2059444156960,4,0.776,1048.000,1274.000,4.000,350.000,1,2,2,1,0,True
26.326,2059444157128,4,0.763,1048.000,1272.000,6.000,350.000,1,2,2,1,0,True
26.360,2059444157296,4,0.809,1046.000,1273.000,4.000,351.000,1,2,2,1,0,True
26.393,2059444157464,4,0.791,1046.000,1273.000,4.000,349.000,1,2,2,1,0,True
26.426,2059444157632,4,0.826,1044.000,1273.000,6.000,351.000,1,2,2,1,0,True
26.460,2059444157800,4,0.851,1044.000,1274.000,5.000,351.000,1,2,2,1,0,True
26.493,2059444157968,4,0.851,1047.000,1274.000,6.000,350.000,1,2,2,1,0,True
26.526,2059444158136,4,0.846,1049.000,1275.000,7.000,349.000,1,2,2,1,0,True
26.560,2059444158304,4,0.855,1047.000,1276.000,7.000,350.000,1,2,2,1,0,True
26.593,2059444166784,4,0.868,1045.000,1276.000,9.000,352.000,1,2,2,1,0,True
26.627,2059444166896,4,0.913,1041.000,1276.000,6.000,353.000,1,2,2,1,0,True
26.660,2059444167064,4,0.893,1039.000,1276.000,7.000,353.000,1,2,2,1,0,True
26.693,2059444167232,4,0.905,1045.000,1278.000,6.000,353.000,1,2,2,1,0,True
26.727,2059444167400,4,0.896,1046.000,1277.000,6.000,351.000,1,2,2,1,0,True
26.760,2059444167568,4,0.884,1048.000,1277.000,7.000,350.000,1,2,2,1,0,True
26.793,2059444167736,4,0.890,1046.000,1278.000,5.000,351.000,1,2,2,1,0,True
26.827,2059444167904,4,0.877,1050.000,1277.000,5.000,351.000,1,2,2,1,0,True
26.860,2059444168072,4,0.903,1048.000,1275.000,5.000,350.000,1,2,2,1,0,True
26.894,2059444168240,4,0.923,1053.000,1278.000,7.000,351.000,1,2,2,1,0,True
26.927,2059444168408,4,0.931,1053.000,1282.000,9.000,352.000,1,3,2,1,0,True
26.960,2059444168576,4,0.935,1057.000,1281.000,8.000,351.000,1,3,2,1,0,True
26.994,2059444168744,4,0.926,1060.000,1279.000,7.000,352.000,1,2,2,1,0,True
27.027,2059444168912,4,0.909,1063.000,1277.000,8.000,350.000,1,2,2,1,0,True
27.060,2059444155784,4,0.936,1062.000,1279.000,9.000,351.000,1,2,2,1,0,True
27.094,2059444169248,4,0.917,1059.000,1280.000,8.000,350.000,1,3,2,1,0,True
27.127,2059444169416,4,0.911,1061.000,1279.000,8.000,350.000,1,2,2,1,0,True
27.160,2059444169584,4,0.897,1062.000,1279.000,11.000,353.000,1,2,2,1,0,True
27.194,2059444169752,4,0.871,1067.000,1280.000,12.000,355.000,1,3,2,1,0,True
27.227,2059444169920,4,0.927,1067.000,1280.000,11.000,351.000,1,3,2,1,0,True
27.261,2059444170088,4,0.888,1067.000,1279.000,12.000,350.000,1,2,2,1,0,True
27.294,2059444170256,4,0.892,1068.000,1280.000,11.000,350.000,1,3,2,1,0,True
27.327,2059444170424,4,0.890,1068.000,1280.000,9.000,350.000,1,3,2,1,0,True
27.361,2059444170592,4,0.897,1070.000,1282.000,6.000,350.000,1,3,2,1,0,True
27.394,2059444174920,4,0.921,1068.000,1283.000,9.000,352.000,1,3,2,1,0,True
27.427,2059444175088,4,0.910,1069.000,1281.000,10.000,350.000,1,3,2,1,0,True
27.461,2059444175256,4,0.898,1069.000,1278.000,10.000,348.000,1,2,2,1,0,True
27.494,2059444175424,4,0.884,1069.000,1279.000,8.000,349.000,1,2,2,1,0,True
27.527,2059444175592,4,0.896,1068.000,1278.000,9.000,349.000,1,2,2,1,0,True
27.561,2059444175760,4,0.894,1072.000,1280.000,8.000,351.000,1,3,2,1,0,True
27.594,2059444175928,4,0.900,1072.000,1282.000,9.000,352.000,1,3,2,1,0,True
27.628,2059444176096,4,0.918,1072.000,1283.000,8.000,352.000,1,3,2,1,0,True
27.661,2059444176264,4,0.916,1070.000,1282.000,7.000,350.000,1,3,2,1,0,True
27.694,2059444176432,4,0.908,1070.000,1281.000,9.000,350.000,1,3,2,1,0,True
27.728,2059444176600,4,0.902,1070.000,1281.000,9.000,352.000,1,3,2,1,0,True
27.761,2059444176768,4,0.887,1070.000,1281.000,9.000,351.000,1,3,2,1,0,True
27.794,2059444176936,4,0.865,1075.000,1281.000,10.000,349.000,1,3,2,1,0,True
27.828,2059444177104,4,0.871,1075.000,1282.000,10.000,350.000,1,3,2,1,0,True
27.861,2059444177272,4,0.879,1075.000,1282.000,11.000,349.000,1,3,2,1,0,True
27.895,2059444177440,4,0.887,1071.000,1281.000,10.000,349.000,1,3,2,1,0,True
27.928,2059444177608,4,0.877,1072.000,1279.000,9.000,348.000,1,2,2,1,0,True
27.961,2059444177776,4,0.838,1072.000,1279.000,9.000,349.000,1,2,2,1,0,True
27.995,2059444177944,4,0.827,1069.000,1279.000,7.000,349.000,1,2,2,1,0,True
28.028,2059444178112,4,0.845,1068.000,1279.000,7.000,349.000,1,2,2,1,0,True
28.061,2059444169080,4,0.883,1067.000,1278.000,7.000,350.000,1,2,2,1,0,True
28.095,2059444178448,4,0.872,1071.000,1280.000,9.000,349.000,1,3,2,1,0,True
28.128,2059444178616,4,0.870,1069.000,1281.000,10.000,349.000,1,3,2,1,0,True
28.161,2059444178784,4,0.848,1067.000,1280.000,8.000,348.000,1,3,2,1,0,True
28.195,2059438182472,4,0.851,1066.000,1280.000,9.000,348.000,1,3,2,1,0,True
28.228,2059438182640,4,0.859,1067.000,1280.000,10.000,347.000,1,3,2,1,0,True
28.262,2059438182808,4,0.819,1072.000,1281.000,9.000,347.000,1,3,2,1,0,True
28.295,2059438182976,4,0.748,1075.000,1281.000,9.000,347.000,1,3,2,1,0,True
28.328,2059438183144,4,0.733,1077.000,1281.000,9.000,347.000,1,3,2,1,0,True
28.362,2059438183312,4,0.782,1076.000,1282.000,9.000,347.000,1,3,2,1,0,True
28.395,2059438183480,4,0.668,1077.000,1280.000,9.000,345.000,1,3,2,1,0,True
28.428,2059438183648,4,0.668,1073.000,1280.000,8.000,348.000,1,3,2,1,0,True
28.462,2059438183816,4,0.665,1073.000,1281.000,9.000,349.000,1,3,2,1,0,True
28.495,2059438183984,4,0.571,1071.000,1281.000,9.000,350.000,1,3,2,1,0,True
28.528,2059438184152,4,0.739,1071.000,1284.000,7.000,353.000,1,3,2,1,0,True
28.562,2059438184320,4,0.746,1074.000,1284.000,8.000,352.000,1,3,2,1,0,True
28.595,2059438184488,4,0.742,1075.000,1283.000,8.000,351.000,1,3,2,1,0,True
28.629,2059438184656,4,0.688,1076.000,1282.000,7.000,350.000,1,3,2,1,0,True
28.662,2059438184824,4,0.671,1074.000,1282.000,7.000,350.000,1,3,2,1,0,True
28.695,2059438184992,4,0.672,1074.000,1282.000,9.000,351.000,1,3,2,1,0,True
28.729,2059438185160,4,0.571,1075.000,1282.000,10.000,349.000,1,3,2,1,0,True
28.762,2059438185328,4,0.513,1104.000,1276.000,8.000,356.000,1,2,2,1,0,True
28.795,2059438185496,4,0.517,1112.000,1274.000,17.000,334.000,1,2,2,1,0,True
28.829,2059438185664,4,0.455,1113.000,1274.000,18.000,330.000,1,2,2,1,0,True
28.862,2059438185832,4,0.562,1113.000,1274.000,19.000,329.000,1,2,2,1,0,True
28.896,2059438186000,4,0.416,1075.000,1280.000,8.000,347.000,1,3,2,1,0,True
28.929,2059438186168,4,0.525,1072.000,1281.000,7.000,350.000,1,3,2,1,0,True
28.962,2059438186336,4,0.389,1069.000,1280.000,7.000,350.000,1,3,2,1,0,True
28.996,2059438145608,4,0.348,1071.000,1280.000,8.000,347.000,1,3,2,1,0,True
29.029,2059438145776,4,0.257,1123.000,1273.000,16.000,332.000,1,2,2,1,0,True
29.062,2059444178280,4,0.257,1071.000,1280.000,8.000,348.000,1,3,2,1,0,True
29.096,2059438146112,4,0.319,1122.000,1273.000,17.000,332.000,1,2,2,1,0,True
29.129,2059438146280,4,0.431,1120.000,1273.000,16.000,333.000,1,2,2,1,0,True
29.162,2059438146448,4,0.426,1119.000,1273.000,16.000,335.000,1,2,2,1,0,True
29.196,2059438146616,4,0.308,1121.000,1274.000,14.000,332.000,1,2,2,1,0,True
29.229,2059438146784,4,0.357,1114.000,1276.000,13.000,352.000,1,2,2,1,0,True
29.263,2059438146952,4,0.386,1113.000,1276.000,13.000,344.000,1,2,2,1,0,True
29.296,2059438147120,4,0.386,1113.000,1276.000,13.000,344.000,1,2,2,1,0,True
29.329,2059438147288,4,0.386,1113.000,1276.000,13.000,344.000,1,2,2,1,0,True
29.363,2059438147456,4,0.257,1068.000,1280.000,7.000,346.000,1,3,2,1,0,True
29.396,2059438147624,4,0.302,1117.000,1274.000,12.000,332.000,1,2,2,1,0,True
29.429,2059438147792,4,0.336,1125.000,1271.000,17.000,332.000,1,2,2,1,0,True
29.463,2059438147960,4,0.337,1125.000,1271.000,17.000,333.000,1,2,2,1,0,True
29.496,2059438148128,4,0.318,1127.000,1272.000,14.000,329.000,1,2,2,1,0,True
29.529,2059438148296,4,0.328,1127.000,1271.000,15.000,328.000,1,2,2,1,0,True
29.563,2059438148464,4,0.340,1127.000,1271.000,14.000,332.000,1,2,2,1,0,True
29.596,2059438148632,4,0.382,1126.000,1271.000,13.000,331.000,1,2,2,1,0,True
29.630,2059438148800,4,0.406,1125.000,1271.000,14.000,330.000,1,2,2,1,0,True
29.663,2059438148968,4,0.409,1125.000,1272.000,15.000,334.000,1,2,2,1,0,True
29.696,2059438149136,4,0.441,1104.000,1277.000,18.000,351.000,1,2,2,1,0,True
29.730,2059438149304,4,0.414,1074.000,1283.000,8.000,348.000,1,3,2,1,0,True
29.763,2059438149472,4,0.525,1121.000,1273.000,15.000,336.000,1,2,2,1,0,True
29.796,2059438174336,4,0.576,1120.000,1273.000,14.000,332.000,1,2,2,1,0,True
29.830,2059438174448,4,0.565,1122.000,1272.000,16.000,332.000,1,2,2,1,0,True
29.863,2059438174616,4,0.496,1121.000,1274.000,14.000,332.000,1,2,2,1,0,True
29.897,2059438174784,4,0.330,1124.000,1276.000,14.000,331.000,1,2,2,1,0,True
29.930,2059438174952,4,0.301,1125.000,1275.000,14.000,332.000,1,2,2,1,0,True
29.963,2059438175120,4,0.453,1123.000,1275.000,12.000,330.000,1,2,2,1,0,True
29.997,2059438175288,4,0.287,1126.000,1274.000,10.000,333.000,1,2,2,1,0,True
30.030,2059438175288,4,0.287,1126.000,1274.000,10.000,333.000,1,2,2,1,0,True
