time,id,class_id,confidence,x_min,x_max,y_min,y_max,border_left,border_right,border_top,border_bottom,pattern,matched
0.000,2106722979912,13,1.000,415.000,855.000,151.000,473.000,1,1,1,1,0,False
0.033,2106722980304,13,1.000,415.000,855.000,151.000,473.000,1,1,1,1,0,True
0.067,2106722980416,13,1.000,414.000,851.000,152.000,475.000,1,1,1,1,0,True
0.100,2106722980528,13,1.000,412.000,852.000,151.000,475.000,1,1,1,1,0,True
0.133,2106722980640,13,1.000,421.000,856.000,146.000,475.000,1,1,1,1,0,True
0.167,2106722980752,13,1.000,422.000,855.000,149.000,475.000,1,1,1,1,0,True
0.200,2106722980864,13,1.000,415.000,849.000,149.000,474.000,1,1,1,1,0,True
0.234,2106722980976,13,1.000,423.000,844.000,143.000,475.000,1,1,1,1,0,True
0.267,2106722981088,13,1.000,419.000,845.000,150.000,475.000,1,1,1,1,0,True
0.300,2106722981200,13,1.000,415.000,849.000,149.000,475.000,1,1,1,1,0,True
0.334,2106722981312,13,1.000,418.000,842.000,147.000,474.000,1,1,1,1,0,True
0.367,2106722981424,13,1.000,416.000,843.000,144.000,473.000,1,1,1,1,0,True
0.400,2106722981536,13,1.000,418.000,848.000,146.000,471.000,1,1,1,1,0,True
0.434,2106722981592,13,1.000,422.000,847.000,143.000,472.000,1,1,1,1,0,True
0.467,2106722981704,13,1.000,420.000,838.000,145.000,471.000,1,1,1,1,0,True
0.500,2106722981816,13,1.000,423.000,827.000,146.000,473.000,1,1,1,1,0,True
0.534,2106722981928,13,1.000,424.000,829.000,143.000,473.000,1,1,1,1,0,True
0.567,2106722982040,13,1.000,424.000,833.000,142.000,474.000,1,1,1,1,0,True
0.601,2106722982152,13,1.000,426.000,818.000,143.000,473.000,1,1,1,1,0,True
0.634,2106722982264,13,1.000,425.000,815.000,142.000,472.000,1,1,1,1,0,True
0.667,2106722982376,13,1.000,422.000,813.000,142.000,474.000,1,1,1,1,0,True
0.701,2106722982488,13,1.000,421.000,816.000,142.000,473.000,1,1,1,1,0,True
0.734,2106722982600,13,1.000,422.000,813.000,142.000,471.000,1,1,1,1,0,True
0.767,2106722982712,13,1.000,420.000,810.000,144.000,472.000,1,1,1,1,0,True
0.801,2106718788576,13,1.000,423.000,814.000,142.000,473.000,1,1,1,1,0,True
0.834,2106722982880,13,1.000,424.000,811.000,140.000,471.000,1,1,1,1,0,True
0.868,2106722982992,13,1.000,422.000,812.000,141.000,472.000,1,1,1,1,0,True
0.901,2106718788240,13,1.000,422.000,807.000,140.000,472.000,1,1,1,1,0,True
0.934,2106722983160,13,1.000,431.000,818.000,139.000,472.000,1,1,1,1,0,True
0.968,2106722983216,13,1.000,420.000,808.000,140.000,472.000,1,1,1,1,0,True
1.001,2106722983440,13,1.000,421.000,808.000,139.000,471.000,1,1,1,1,0,True
1.034,2106722983496,13,1.000,425.000,817.000,136.000,473.000,1,1,1,1,0,True
1.068,2106722983608,13,1.000,417.000,817.000,134.000,472.000,1,1,1,1,0,True
1.101,2106722983720,13,1.000,416.000,812.000,134.000,473.000,1,1,1,1,0,True
1.134,2106722983832,13,1.000,420.000,810.000,134.000,472.000,1,1,1,1,0,True
1.168,2106723020928,13,1.000,412.000,810.000,135.000,473.000,1,1,1,1,0,True
1.201,2106723020984,13,1.000,410.000,807.000,137.000,472.000,1,1,1,1,0,True
1.235,2106723021096,13,1.000,408.000,803.000,137.000,474.000,1,1,1,1,0,True
1.268,2106723021208,13,1.000,402.000,802.000,135.000,471.000,1,1,1,1,0,True
1.301,2106723021320,13,1.000,401.000,798.000,135.000,473.000,1,1,1,1,0,True
1.335,2106723021432,13,1.000,393.000,795.000,134.000,474.000,1,1,1,1,0,True
1.368,2106723021544,13,1.000,395.000,799.000,133.000,473.000,1,1,1,1,0,True
1.401,2106723021656,13,1.000,392.000,794.000,136.000,474.000,1,1,1,1,0,True
1.435,2106723021768,13,1.000,379.000,795.000,133.000,470.000,1,1,1,1,0,True
1.468,2106723021880,13,1.000,380.000,791.000,135.000,472.000,1,1,1,1,0,True
1.502,2106723021992,13,1.000,380.000,789.000,133.000,472.000,1,1,1,1,0,True
1.535,2106723022104,13,1.000,375.000,787.000,137.000,472.000,1,1,1,1,0,True
1.568,2106723022216,13,1.000,376.000,784.000,135.000,472.000,1,1,1,1,0,True
1.602,2106723022328,13,1.000,368.000,778.000,134.000,472.000,1,1,1,1,0,True
1.635,2106723022440,13,1.000,367.000,777.000,134.000,474.000,1,1,1,1,0,True
1.668,2106723022552,13,1.000,369.000,774.000,132.000,473.000,1,1,1,1,0,True
1.702,2106723022664,13,1.000,366.000,778.000,134.000,473.000,1,1,1,1,0,True
1.735,2106723022776,13,1.000,364.000,778.000,135.000,471.000,1,1,1,1,0,True
1.768,2106723022888,13,1.000,358.000,783.000,136.000,473.000,1,1,1,1,0,True
1.802,2106723023000,13,1.000,355.000,784.000,136.000,473.000,1,1,1,1,0,True
1.835,2106723023112,13,1.000,348.000,772.000,135.000,471.000,1,1,1,1,0,True
1.869,2106723023224,13,1.000,340.000,778.000,134.000,472.000,1,1,1,1,0,True
1.902,2106723023336,13,1.000,339.000,771.000,135.000,470.000,1,1,1,1,0,True
1.935,2106723023448,13,1.000,337.000,772.000,133.000,471.000,1,1,1,1,0,True
1.969,2106723023560,13,1.000,334.000,771.000,132.000,469.000,1,1,1,1,0,True
2.002,2106723023672,13,1.000,333.000,771.000,134.000,470.000,1,1,1,1,0,True
2.035,2106723023784,13,1.000,333.000,771.000,134.000,471.000,1,1,1,1,0,True
2.069,2106723023896,13,1.000,333.000,776.000,133.000,473.000,1,1,1,1,0,True
2.102,2106723024008,13,1.000,332.000,773.000,133.000,472.000,1,1,1,1,0,True
2.135,2106723024120,13,1.000,333.000,776.000,136.000,472.000,1,1,1,1,0,True
2.169,2106723024232,13,1.000,346.000,777.000,139.000,472.000,1,1,1,1,0,True
2.202,2106723024344,13,1.000,348.000,783.000,136.000,474.000,1,1,1,1,0,True
2.236,2106723024456,13,1.000,353.000,780.000,136.000,476.000,1,1,1,1,0,True
2.269,2106723024568,13,1.000,347.000,780.000,138.000,474.000,1,1,1,1,0,True
2.302,2106723024680,13,1.000,351.000,785.000,138.000,475.000,1,1,1,1,0,True
2.336,2106723024792,13,1.000,364.000,788.000,138.000,475.000,1,1,1,1,0,True
2.369,2106723074120,13,1.000,368.000,788.000,137.000,472.000,1,1,1,1,0,True
2.402,2106723074232,13,1.000,375.000,787.000,135.000,473.000,1,1,1,1,0,True
2.436,2106723074344,13,1.000,384.000,792.000,135.000,473.000,1,1,1,1,0,True
2.469,2106723074456,13,1.000,382.000,790.000,135.000,474.000,1,1,1,1,0,True
2.503,2106723074568,13,1.000,387.000,794.000,137.000,474.000,1,1,1,1,0,True
2.536,2106723074680,13,1.000,384.000,793.000,135.000,473.000,1,1,1,1,0,True
2.569,2106723074792,13,1.000,391.000,795.000,136.000,474.000,1,1,1,1,0,True
2.603,2106723074904,13,1.000,395.000,794.000,136.000,473.000,1,1,1,1,0,True
2.636,2106723075016,13,1.000,397.000,794.000,137.000,473.000,1,1,1,1,0,True
2.669,2106723075128,13,1.000,399.000,801.000,135.000,475.000,1,1,1,1,0,True
2.703,2106723075240,13,1.000,400.000,801.000,136.000,473.000,1,1,1,1,0,True
2.736,2106723075352,13,1.000,398.000,801.000,137.000,474.000,1,1,1,1,0,True
2.769,2106723075464,13,1.000,395.000,799.000,137.000,474.000,1,1,1,1,0,True
2.803,2106723075576,13,1.000,387.000,800.000,137.000,474.000,1,1,1,1,0,True
2.836,2106723075688,13,1.000,379.000,802.000,138.000,474.000,1,1,1,1,0,True
2.870,2106723075800,13,1.000,380.000,804.000,140.000,475.000,1,1,1,1,0,True
2.903,2106723075912,13,1.000,366.000,804.000,140.000,474.000,1,1,1,1,0,True
2.936,2106723076024,13,1.000,362.000,808.000,139.000,475.000,1,1,1,1,0,True
2.970,2106723076136,13,1.000,357.000,813.000,140.000,478.000,1,1,1,1,0,True
3.003,2106723076248,13,1.000,353.000,813.000,139.000,474.000,1,1,1,1,0,True
3.036,2106723076360,13,1.000,350.000,814.000,139.000,475.000,1,1,1,1,0,True
3.070,2106723076472,13,1.000,354.000,809.000,140.000,475.000,1,1,1,1,0,True
3.103,2106723076584,13,1.000,358.000,809.000,140.000,477.000,1,1,1,1,0,True
3.136,2106723076696,13,1.000,366.000,804.000,139.000,474.000,1,1,1,1,0,True
3.170,2106723076808,13,1.000,366.000,806.000,142.000,477.000,1,1,1,1,0,True
3.203,2106723076920,13,1.000,368.000,810.000,141.000,478.000,1,1,1,1,0,True
3.237,2106723077032,13,1.000,369.000,808.000,141.000,475.000,1,1,1,1,0,True
3.270,2106723077144,13,1.000,371.000,812.000,142.000,480.000,1,1,1,1,0,True
3.303,2106723077256,13,1.000,373.000,812.000,142.000,478.000,1,1,1,1,0,True
3.337,2106723077368,13,1.000,370.000,813.000,142.000,482.000,1,1,1,1,0,True
3.370,2106723077480,13,1.000,377.000,813.000,144.000,484.000,1,1,1,1,0,True
3.403,2106723077592,13,1.000,378.000,811.000,144.000,480.000,1,1,1,1,0,True
3.437,2106723077704,13,1.000,390.000,806.000,145.000,483.000,1,1,1,1,0,True
3.470,2106723077816,13,1.000,384.000,810.000,145.000,482.000,1,1,1,1,0,True
3.504,2106723077928,13,1.000,392.000,803.000,144.000,479.000,1,1,1,1,0,True
3.537,2106723078040,13,1.000,384.000,801.000,144.000,479.000,1,1,1,1,0,True
3.570,2106723029120,13,1.000,384.000,800.000,144.000,477.000,1,1,1,1,0,True
3.604,2106723029176,13,1.000,376.000,796.000,139.000,475.000,1,1,1,1,0,True
3.637,2106723029288,13,1.000,368.000,805.000,141.000,475.000,1,1,1,1,0,True
3.670,2106723029400,13,1.000,354.000,809.000,141.000,478.000,1,1,1,1,0,True
3.704,2106723029512,13,1.000,350.000,807.000,140.000,481.000,1,1,1,1,0,True
3.737,2106723029624,13,1.000,348.000,805.000,140.000,479.000,1,1,1,1,0,True
3.770,2106723029736,13,1.000,345.000,804.000,141.000,479.000,1,1,1,1,0,True
3.804,2106723029848,13,1.000,343.000,806.000,142.000,480.000,1,1,1,1,0,True
3.837,2106723029960,13,1.000,338.000,808.000,140.000,478.000,1,1,1,1,0,True
3.871,2106723030072,13,1.000,338.000,805.000,140.000,475.000,1,1,1,1,0,True
3.904,2106723030184,13,1.000,339.000,801.000,139.000,474.000,1,1,1,1,0,True
3.937,2106723030296,13,1.000,339.000,803.000,139.000,476.000,1,1,1,1,0,True
3.971,2106723030408,13,1.000,345.000,805.000,139.000,474.000,1,1,1,1,0,True
4.004,2106723030520,13,1.000,343.000,807.000,140.000,476.000,1,1,1,1,0,True
4.037,2106723030632,13,1.000,337.000,814.000,140.000,477.000,1,1,1,1,0,True
4.071,2106723030744,13,1.000,338.000,813.000,137.000,476.000,1,1,1,1,0,True
4.104,2106723030856,13,1.000,337.000,809.000,139.000,478.000,1,1,1,1,0,True
4.137,2106723030968,13,1.000,340.000,809.000,138.000,477.000,1,1,1,1,0,True
4.171,2106723031080,13,1.000,341.000,815.000,140.000,481.000,1,1,1,1,0,True
4.204,2106723031192,13,1.000,340.000,817.000,140.000,481.000,1,1,1,1,0,True
4.238,2106723031304,13,1.000,347.000,816.000,140.000,479.000,1,1,1,1,0,True
4.271,2106723031416,13,1.000,353.000,808.000,140.000,480.000,1,1,1,1,0,True
4.304,2106723031528,13,1.000,353.000,807.000,142.000,479.000,1,1,1,1,0,True
4.338,2106723031640,13,1.000,351.000,815.000,142.000,481.000,1,1,1,1,0,True
4.371,2106723031752,13,1.000,355.000,818.000,141.000,481.000,1,1,1,1,0,True
4.404,2106723031864,13,1.000,359.000,818.000,140.000,480.000,1,1,1,1,0,True
4.438,2106723031976,13,1.000,362.000,815.000,141.000,478.000,1,1,1,1,0,True
4.471,2106723032088,13,1.000,363.000,820.000,140.000,476.000,1,1,1,1,0,True
4.505,2106723032200,13,1.000,364.000,817.000,141.000,475.000,1,1,1,1,0,True
4.538,2106723032312,13,1.000,362.000,825.000,140.000,476.000,1,1,1,1,0,True
4.571,2106723032424,13,1.000,365.000,826.000,141.000,480.000,1,1,1,1,0,True
4.605,2106723032536,13,1.000,363.000,828.000,141.000,478.000,1,1,1,1,0,True
4.638,2106723032648,13,1.000,363.000,830.000,141.000,481.000,1,1,1,1,0,True
4.671,2106723032760,13,1.000,365.000,824.000,138.000,480.000,1,1,1,1,0,True
4.705,2106723032872,13,1.000,367.000,826.000,136.000,475.000,1,1,1,1,0,True
4.738,2106723032984,13,1.000,362.000,825.000,139.000,477.000,1,1,1,1,0,True
4.771,2106723131464,13,1.000,364.000,831.000,138.000,479.000,1,1,1,1,0,True
4.805,2106723131576,13,1.000,363.000,831.000,138.000,481.000,1,1,1,1,0,True
4.838,2106723131688,13,1.000,362.000,837.000,138.000,478.000,1,1,1,1,0,True
4.872,2106723131800,13,1.000,369.000,831.000,139.000,476.000,1,1,1,1,0,True
4.905,2106723131912,13,1.000,370.000,841.000,139.000,476.000,1,1,1,1,0,True
4.938,2106723132024,13,1.000,363.000,846.000,140.000,479.000,1,1,1,1,0,True
4.972,2106723132136,13,1.000,378.000,852.000,141.000,474.000,1,1,1,1,0,True
5.005,2106723132248,13,1.000,388.000,851.000,141.000,475.000,1,1,1,1,0,True
5.038,2106723132360,13,1.000,387.000,855.000,139.000,474.000,1,1,1,1,0,True
5.072,2106723132472,13,1.000,393.000,856.000,142.000,475.000,1,1,1,1,0,True
5.105,2106723132584,13,1.000,370.000,852.000,137.000,477.000,1,1,1,1,0,True
5.138,2106723132696,13,1.000,362.000,853.000,138.000,478.000,1,1,1,1,0,True
5.172,2106723132808,13,1.000,358.000,865.000,135.000,480.000,1,1,1,1,0,True
5.205,2106723132920,13,1.000,349.000,870.000,139.000,482.000,1,1,1,1,0,True
5.239,2106723133032,13,1.000,350.000,868.000,138.000,484.000,1,1,1,1,0,True
5.272,2106723133144,13,1.000,340.000,871.000,139.000,482.000,1,1,1,1,0,True
5.305,2106723133256,13,1.000,334.000,878.000,136.000,481.000,1,1,1,1,0,True
5.339,2106723133368,13,1.000,335.000,866.000,136.000,479.000,1,1,1,1,0,True
5.372,2106723133480,13,1.000,327.000,870.000,137.000,479.000,1,1,1,1,0,True
5.405,2106723133592,13,1.000,323.000,872.000,137.000,479.000,1,1,1,1,0,True
5.439,2106723133704,13,1.000,320.000,870.000,137.000,479.000,1,1,1,1,0,True
5.472,2106723133816,13,1.000,320.000,870.000,138.000,480.000,1,1,1,1,0,True
5.506,2106723133928,13,1.000,329.000,868.000,137.000,478.000,1,1,1,1,0,True
5.539,2106723134040,13,1.000,325.000,864.000,137.000,480.000,1,1,1,1,0,True
5.572,2106723134152,13,1.000,323.000,868.000,139.000,479.000,1,1,1,1,0,True
5.606,2106723134264,13,1.000,324.000,867.000,138.000,479.000,1,1,1,1,0,True
5.639,2106723134376,13,1.000,332.000,865.000,137.000,480.000,1,1,1,1,0,True
5.672,2106723134488,13,1.000,336.000,871.000,138.000,482.000,1,1,1,1,0,True
5.706,2106723134600,13,1.000,342.000,868.000,139.000,481.000,1,1,1,1,0,True
5.739,2106723134712,13,1.000,350.000,868.000,138.000,479.000,1,1,1,1,0,True
5.772,2106723134824,13,1.000,348.000,867.000,137.000,479.000,1,1,1,1,0,True
5.806,2106723134936,13,1.000,348.000,870.000,137.000,480.000,1,1,1,1,0,True
5.839,2106723135048,13,1.000,352.000,872.000,137.000,478.000,1,1,1,1,0,True
5.873,2106723135160,13,1.000,356.000,871.000,138.000,477.000,1,1,1,1,0,True
5.906,2106723135272,13,1.000,360.000,867.000,136.000,475.000,1,1,1,1,0,True
5.939,2106723135384,13,1.000,366.000,873.000,137.000,475.000,1,1,1,1,0,True
5.973,2106723094600,13,1.000,365.000,868.000,136.000,480.000,1,1,1,1,0,True
6.006,2106723094712,13,1.000,374.000,864.000,136.000,479.000,1,1,1,1,0,True
6.039,2106723094824,13,1.000,387.000,864.000,137.000,478.000,1,1,1,1,0,True
6.073,2106723094936,13,1.000,387.000,864.000,136.000,476.000,1,1,1,1,0,True
6.106,2106723095048,13,1.000,384.000,867.000,134.000,478.000,1,1,1,1,0,True
6.139,2106723095160,13,1.000,395.000,872.000,134.000,478.000,1,1,1,1,0,True
6.173,2106723095272,13,1.000,394.000,876.000,134.000,476.000,1,1,1,1,0,True
6.206,2106723095384,13,1.000,396.000,874.000,134.000,473.000,1,1,1,1,0,True
6.240,2106723095496,13,1.000,399.000,873.000,132.000,473.000,1,1,1,1,0,True
6.273,2106723095608,13,1.000,383.000,874.000,129.000,472.000,1,1,1,1,0,True
6.306,2106723095720,13,1.000,375.000,866.000,129.000,468.000,1,1,1,1,0,True
6.340,2106723095832,13,1.000,367.000,869.000,130.000,469.000,1,1,1,1,0,True
6.373,2106723095944,13,1.000,367.000,871.000,123.000,463.000,1,1,1,1,0,True
6.406,2106723096056,13,1.000,360.000,877.000,125.000,461.000,1,1,1,1,0,True
6.440,2106723096168,13,1.000,369.000,875.000,115.000,456.000,1,1,1,1,0,True
6.473,2106723096280,13,1.000,363.000,880.000,113.000,454.000,1,1,1,1,0,True
6.507,2106723096392,13,1.000,369.000,875.000,111.000,449.000,1,1,1,1,0,True
6.540,2106723096504,13,1.000,366.000,876.000,108.000,443.000,1,1,1,1,0,True
6.573,2106723096616,13,1.000,357.000,877.000,104.000,445.000,1,1,1,1,0,True
6.607,2106723096728,13,1.000,359.000,875.000,103.000,440.000,1,1,1,1,0,True
6.640,2106723096840,13,1.000,356.000,872.000,97.000,439.000,1,1,1,1,0,True
6.673,2106723096952,13,1.000,354.000,871.000,99.000,441.000,1,1,1,1,0,True
6.707,2106723097064,13,1.000,351.000,869.000,99.000,440.000,1,1,1,1,0,True
6.740,2106723097176,13,1.000,357.000,867.000,99.000,439.000,1,1,1,1,0,True
6.773,2106723097288,13,1.000,359.000,863.000,97.000,438.000,1,1,1,1,0,True
6.807,2106723097400,13,1.000,349.000,865.000,96.000,441.000,1,1,1,1,0,True
6.840,2106723097512,13,1.000,346.000,863.000,95.000,442.000,1,1,1,1,0,True
6.874,2106723097624,13,1.000,349.000,871.000,92.000,443.000,1,1,1,1,0,True
6.907,2106723097736,13,1.000,360.000,859.000,92.000,440.000,1,1,1,1,0,True
6.940,2106723097848,13,1.000,365.000,869.000,88.000,438.000,1,1,1,1,0,True
6.974,2106723097960,13,1.000,382.000,867.000,89.000,432.000,1,1,1,1,0,True
7.007,2106723098072,13,1.000,379.000,866.000,95.000,433.000,1,1,1,1,0,True
7.040,2106723098184,13,0.999,386.000,883.000,97.000,436.000,1,1,1,1,0,True
7.074,2106723098296,13,0.999,389.000,872.000,100.000,433.000,1,1,1,1,0,True
7.107,2106723098408,13,1.000,390.000,874.000,102.000,436.000,1,1,1,1,0,True
7.140,2106723098520,13,1.000,397.000,859.000,99.000,433.000,1,1,1,1,0,True
7.174,2106723110984,13,1.000,391.000,868.000,106.000,435.000,1,1,1,1,0,True
7.207,2106723111096,13,1.000,392.000,869.000,103.000,435.000,1,1,1,1,0,True
7.241,2106723111208,13,1.000,398.000,859.000,99.000,434.000,1,1,1,1,0,True
7.274,2106723111320,13,1.000,393.000,862.000,103.000,438.000,1,1,1,1,0,True
7.307,2106723111432,13,1.000,396.000,864.000,105.000,439.000,1,1,1,1,0,True
7.341,2106723111544,13,0.999,386.000,869.000,106.000,441.000,1,1,1,1,0,True
7.374,2106723111656,13,0.997,394.000,872.000,108.000,442.000,1,1,1,1,0,True
7.407,2106723111768,13,1.000,398.000,866.000,105.000,442.000,1,1,1,1,0,True
7.441,2106723111880,13,0.999,398.000,872.000,104.000,444.000,1,1,1,1,0,True
7.474,2106723111992,13,0.995,393.000,871.000,108.000,444.000,1,1,1,1,0,True
7.508,2106723112104,13,0.999,397.000,880.000,105.000,447.000,1,1,1,1,0,True
7.541,2106723112216,13,0.999,399.000,874.000,106.000,446.000,1,1,1,1,0,True
7.574,2106723112328,13,0.999,400.000,881.000,110.000,449.000,1,1,1,1,0,True
7.608,2106723112440,13,0.990,401.000,883.000,112.000,450.000,1,1,1,1,0,True
7.641,2106723112552,13,0.991,391.000,876.000,113.000,448.000,1,1,1,1,0,True
7.674,2106723112664,13,1.000,388.000,879.000,114.000,451.000,1,1,1,1,0,True
7.708,2106723112776,13,1.000,406.000,876.000,115.000,453.000,1,1,1,1,0,True
7.741,2106723112888,13,0.996,392.000,879.000,116.000,451.000,1,1,1,1,0,True
7.774,2106723113000,13,1.000,403.000,872.000,118.000,452.000,1,1,1,1,0,True
7.808,2106723113112,13,0.986,400.000,867.000,120.000,451.000,1,1,1,1,0,True
7.841,2106723113224,13,0.990,400.000,870.000,122.000,454.000,1,1,1,1,0,True
7.875,2106723113336,13,1.000,396.000,865.000,119.000,453.000,1,1,1,1,0,True
7.908,2106723113448,13,1.000,408.000,864.000,122.000,456.000,1,1,1,1,0,True
7.941,2106723113560,13,0.998,403.000,865.000,122.000,459.000,1,1,1,1,0,True
7.975,2106723113672,13,0.976,406.000,866.000,126.000,461.000,1,1,1,1,0,True
8.008,2106723113784,13,0.667,424.000,856.000,130.000,462.000,1,1,1,1,0,True
8.008,2106723113840,17,0.880,421.000,863.000,127.000,460.000,1,1,1,1,0,False
8.041,2106723114120,13,0.611,421.000,861.000,124.000,462.000,1,1,1,1,0,True
8.041,2106723114064,17,0.882,419.000,866.000,129.000,458.000,1,1,1,1,0,False
8.075,2106723114288,13,0.706,426.000,870.000,127.000,463.000,1,1,1,1,0,True
8.075,2106723114232,17,0.764,431.000,873.000,129.000,460.000,1,1,1,1,0,False
8.108,2106723114456,13,0.989,441.000,860.000,130.000,461.000,1,1,1,1,0,True
8.108,2106723114400,17,0.327,435.000,868.000,131.000,463.000,1,1,1,1,0,False
8.141,2106723114624,13,0.533,431.000,863.000,135.000,468.000,1,1,1,1,0,True
8.141,2106723114568,17,0.863,436.000,865.000,133.000,462.000,1,1,1,1,0,False
8.175,2106723114792,13,0.997,432.000,862.000,133.000,466.000,1,1,1,1,0,True
8.208,2106723114736,13,0.901,438.000,856.000,127.000,464.000,1,1,1,1,0,True
8.208,2106723114680,17,0.858,436.000,862.000,130.000,464.000,1,1,1,1,0,False
8.242,2106723114960,13,0.998,430.000,864.000,133.000,470.000,1,1,1,1,0,True
8.275,2106770088064,13,1.000,427.000,871.000,134.000,469.000,1,1,1,1,0,True
8.308,2106770088120,13,1.000,422.000,873.000,133.000,469.000,1,1,1,1,0,True
8.342,2106770088232,13,1.000,425.000,869.000,135.000,471.000,1,1,1,1,0,True
8.375,2106770088344,13,0.999,419.000,874.000,135.000,470.000,1,1,1,1,0,True
8.408,2106770088456,13,0.998,425.000,871.000,138.000,471.000,1,1,1,1,0,True
8.442,2106770088568,13,1.000,423.000,871.000,136.000,471.000,1,1,1,1,0,True
8.475,2106770088680,13,1.000,419.000,873.000,137.000,475.000,1,1,1,1,0,True
8.509,2106770088792,13,1.000,430.000,876.000,136.000,474.000,1,1,1,1,0,True
8.542,2106770088904,13,1.000,427.000,877.000,138.000,475.000,1,1,1,1,0,True
8.575,2106770089016,13,1.000,445.000,865.000,137.000,476.000,1,1,1,1,0,True
8.609,2106770089128,13,1.000,440.000,870.000,140.000,475.000,1,1,1,1,0,True
8.642,2106770089240,13,1.000,439.000,878.000,142.000,480.000,1,1,1,1,0,True
8.675,2106770089352,13,1.000,444.000,872.000,140.000,480.000,1,1,1,1,0,True
8.709,2106770089464,13,1.000,434.000,880.000,144.000,482.000,1,1,1,1,0,True
8.742,2106770089576,13,1.000,436.000,883.000,144.000,483.000,1,1,1,1,0,True
8.775,2106770089688,13,1.000,425.000,897.000,144.000,483.000,1,1,1,1,0,True
8.809,2106770089800,13,1.000,428.000,888.000,146.000,481.000,1,1,1,1,0,True
8.842,2106770089912,13,1.000,431.000,893.000,147.000,484.000,1,1,1,1,0,True
8.876,2106770090024,13,1.000,434.000,887.000,147.000,484.000,1,1,1,1,0,True
8.909,2106770090136,13,1.000,432.000,889.000,149.000,487.000,1,1,1,1,0,True
8.942,2106770090248,13,1.000,436.000,889.000,150.000,486.000,1,1,1,1,0,True
8.976,2106770090360,13,1.000,432.000,889.000,146.000,487.000,1,1,1,1,0,True
9.009,2106770090472,13,1.000,433.000,892.000,149.000,487.000,1,1,1,1,0,True
9.042,2106770090584,13,1.000,431.000,894.000,149.000,487.000,1,1,1,1,0,True
9.076,2106770090696,13,1.000,432.000,899.000,150.000,487.000,1,1,1,1,0,True
9.109,2106770090808,13,1.000,432.000,893.000,149.000,488.000,1,1,1,1,0,True
9.142,2106770090920,13,1.000,435.000,896.000,149.000,490.000,1,1,1,1,0,True
9.176,2106770091032,13,1.000,431.000,903.000,150.000,489.000,1,1,1,1,0,True
9.209,2106770091144,13,1.000,435.000,899.000,151.000,490.000,1,1,1,1,0,True
9.243,2106770091256,13,1.000,427.000,896.000,152.000,491.000,1,1,1,1,0,True
9.276,2106770091368,13,1.000,420.000,887.000,149.000,489.000,1,1,1,1,0,True
9.309,2106770091480,13,1.000,413.000,893.000,150.000,492.000,1,1,1,1,0,True
9.343,2106770091592,13,1.000,407.000,879.000,155.000,492.000,1,1,1,1,0,True
9.376,2106770091704,13,1.000,405.000,885.000,153.000,490.000,1,1,1,1,0,True
9.409,2106770091816,13,1.000,398.000,875.000,156.000,487.000,1,1,1,1,0,True
9.443,2106770091928,13,1.000,394.000,878.000,156.000,491.000,1,1,1,1,0,True
9.476,2106770112584,13,1.000,391.000,878.000,154.000,491.000,1,1,1,1,0,True
9.509,2106770112696,13,1.000,391.000,881.000,151.000,489.000,1,1,1,1,0,True
9.543,2106770112808,13,1.000,386.000,881.000,154.000,490.000,1,1,1,1,0,True
9.576,2106770112920,13,1.000,381.000,875.000,154.000,486.000,1,1,1,1,0,True
9.610,2106770113032,13,1.000,375.000,873.000,146.000,488.000,1,1,1,1,0,True
9.643,2106770113144,13,1.000,383.000,873.000,151.000,483.000,1,1,1,1,0,True
9.676,2106770113256,13,1.000,378.000,871.000,150.000,487.000,1,1,1,1,0,True
9.710,2106770113368,13,1.000,379.000,872.000,151.000,486.000,1,1,1,1,0,True
9.743,2106770113480,13,1.000,369.000,877.000,145.000,490.000,1,1,1,1,0,True
9.776,2106770113592,13,1.000,371.000,874.000,144.000,489.000,1,1,1,1,0,True
9.810,2106770113704,13,1.000,369.000,874.000,145.000,492.000,1,1,1,1,0,True
9.843,2106770113816,13,1.000,365.000,872.000,148.000,492.000,1,1,1,1,0,True
9.877,2106770113928,13,1.000,368.000,872.000,148.000,490.000,1,1,1,1,0,True
9.910,2106770114040,13,1.000,370.000,868.000,148.000,491.000,1,1,1,1,0,True
9.943,2106770114152,13,1.000,367.000,864.000,147.000,488.000,1,1,1,1,0,True
9.977,2106770114264,13,1.000,361.000,861.000,147.000,487.000,1,1,1,1,0,True
10.010,2106770114376,13,1.000,355.000,860.000,147.000,488.000,1,1,1,1,0,True
10.043,2106770114488,13,1.000,353.000,860.000,145.000,488.000,1,1,1,1,0,True
10.077,2106770114600,13,1.000,364.000,861.000,145.000,490.000,1,1,1,1,0,True
10.110,2106770114712,13,1.000,362.000,856.000,146.000,490.000,1,1,1,1,0,True
10.143,2106770114824,13,1.000,369.000,856.000,147.000,488.000,1,1,1,1,0,True
10.177,2106770114936,13,1.000,379.000,856.000,154.000,487.000,1,1,1,1,0,True
10.210,2106770115048,13,1.000,373.000,856.000,149.000,488.000,1,1,1,1,0,True
10.244,2106770115160,13,1.000,373.000,854.000,147.000,488.000,1,1,1,1,0,True
10.277,2106770115272,13,1.000,372.000,854.000,146.000,491.000,1,1,1,1,0,True
10.310,2106770115384,13,1.000,371.000,860.000,146.000,491.000,1,1,1,1,0,True
10.344,2106770115496,13,1.000,380.000,860.000,154.000,491.000,1,1,1,1,0,True
10.377,2106770115608,13,1.000,368.000,853.000,144.000,492.000,1,1,1,1,0,True
10.410,2106770115720,13,1.000,361.000,856.000,146.000,493.000,1,1,1,1,0,True
10.444,2106770115832,13,1.000,364.000,853.000,145.000,492.000,1,1,1,1,0,True
10.477,2106770115944,13,1.000,360.000,845.000,146.000,493.000,1,1,1,1,0,True
10.510,2106770116056,13,0.999,357.000,828.000,145.000,492.000,1,1,1,1,0,True
10.544,2106770116168,13,1.000,348.000,840.000,145.000,492.000,1,1,1,1,0,True
10.577,2106770116280,13,1.000,345.000,847.000,148.000,493.000,1,1,1,1,0,True
10.611,2106770116392,13,1.000,339.000,835.000,149.000,494.000,1,1,1,1,0,True
10.644,2106770116504,13,1.000,336.000,840.000,146.000,493.000,1,1,1,1,0,True
10.677,2106770124872,13,1.000,338.000,842.000,147.000,494.000,1,1,1,1,0,True
10.711,2106770124984,13,1.000,334.000,843.000,147.000,496.000,1,1,1,1,0,True
10.744,2106770125096,13,1.000,330.000,840.000,149.000,497.000,1,1,1,1,0,True
10.777,2106770125208,13,1.000,328.000,841.000,148.000,497.000,1,1,1,1,0,True
10.811,2106770125320,13,1.000,327.000,838.000,149.000,497.000,1,1,1,1,0,True
10.844,2106770125432,13,1.000,326.000,843.000,148.000,499.000,1,1,1,1,0,True
10.878,2106770125544,13,1.000,321.000,847.000,150.000,499.000,1,1,1,1,0,True
10.911,2106770125656,13,1.000,318.000,837.000,150.000,500.000,1,1,1,1,0,True
10.944,2106770125768,13,1.000,314.000,835.000,150.000,500.000,1,1,1,1,0,True
10.978,2106770125880,13,1.000,315.000,832.000,149.000,499.000,1,1,1,1,0,True
11.011,2106770125992,13,1.000,314.000,831.000,150.000,499.000,1,1,1,1,0,True
11.044,2106770126104,13,1.000,332.000,824.000,157.000,492.000,1,1,1,1,0,True
11.078,2106770126216,13,1.000,314.000,831.000,150.000,500.000,1,1,1,1,0,True
11.111,2106770126328,13,1.000,330.000,824.000,158.000,492.000,1,1,1,1,0,True
11.144,2106770126440,13,1.000,329.000,828.000,158.000,491.000,1,1,1,1,0,True
11.178,2106770126552,13,1.000,332.000,830.000,157.000,492.000,1,1,1,1,0,True
11.211,2106770126664,13,1.000,308.000,843.000,152.000,502.000,1,1,1,1,0,True
11.245,2106770126776,13,1.000,309.000,842.000,154.000,500.000,1,1,1,1,0,True
11.278,2106770126888,13,1.000,313.000,838.000,151.000,503.000,1,1,1,1,0,True
11.311,2106770127000,13,1.000,313.000,837.000,152.000,501.000,1,1,1,1,0,True
11.345,2106770127112,13,1.000,321.000,828.000,154.000,502.000,1,1,1,1,0,True
11.378,2106770127224,13,1.000,321.000,831.000,154.000,503.000,1,1,1,1,0,True
11.411,2106770127336,13,1.000,317.000,833.000,153.000,501.000,1,1,1,1,0,True
11.445,2106770127448,13,1.000,320.000,835.000,154.000,502.000,1,1,1,1,0,True
11.478,2106770127560,13,1.000,337.000,830.000,161.000,494.000,1,1,1,1,0,True
11.511,2106770127672,13,1.000,317.000,833.000,158.000,503.000,1,1,1,1,0,True
11.545,2106770127784,13,1.000,314.000,835.000,155.000,503.000,1,1,1,1,0,True
11.578,2106770127896,13,1.000,329.000,825.000,164.000,495.000,1,1,1,1,0,True
11.612,2106770128008,13,1.000,307.000,838.000,162.000,507.000,1,1,1,1,0,True
11.645,2106770128120,13,1.000,325.000,826.000,166.000,495.000,1,1,1,1,0,True
11.678,2106770128232,13,1.000,312.000,830.000,158.000,504.000,1,1,1,1,0,True
11.712,2106770128344,13,1.000,325.000,824.000,165.000,494.000,1,1,1,1,0,True
11.745,2106770128456,13,1.000,317.000,821.000,164.000,496.000,1,1,1,1,0,True
11.778,2106770128568,13,1.000,281.000,825.000,159.000,513.000,1,1,1,1,0,True
11.812,2106770128680,13,1.000,310.000,822.000,162.000,496.000,1,1,1,1,0,True
11.845,2106770128792,13,1.000,304.000,820.000,166.000,496.000,1,1,1,1,0,True
11.879,2106770194504,13,1.000,310.000,818.000,169.000,495.000,1,1,1,1,0,True
11.912,2106770194616,13,1.000,300.000,827.000,165.000,506.000,1,1,1,1,0,True
11.945,2106770194728,13,1.000,301.000,829.000,165.000,507.000,1,1,1,1,0,True
11.979,2106770194840,13,1.000,323.000,821.000,169.000,497.000,1,1,1,1,0,True
12.012,2106770194952,13,1.000,319.000,822.000,170.000,496.000,1,1,1,1,0,True
12.045,2106770195064,13,1.000,304.000,830.000,164.000,507.000,1,1,1,1,0,True
12.079,2106770195176,13,1.000,324.000,827.000,166.000,497.000,1,1,1,1,0,True
12.112,2106770195288,13,1.000,310.000,833.000,163.000,507.000,1,1,1,1,0,True
12.145,2106770195400,13,1.000,330.000,821.000,169.000,499.000,1,1,1,1,0,True
12.179,2106770195512,13,1.000,324.000,819.000,169.000,497.000,1,1,1,1,0,True
12.212,2106770195624,13,1.000,308.000,832.000,164.000,509.000,1,1,1,1,0,True
12.246,2106770195736,13,1.000,308.000,831.000,165.000,508.000,1,1,1,1,0,True
12.279,2106770195848,13,1.000,314.000,829.000,167.000,509.000,1,1,1,1,0,True
12.312,2106770195960,13,1.000,331.000,817.000,173.000,500.000,1,1,1,1,0,True
12.346,2106770196072,13,1.000,314.000,821.000,171.000,510.000,1,1,1,1,0,True
12.379,2106770196184,13,1.000,331.000,814.000,175.000,503.000,1,1,1,1,0,True
12.412,2106770196296,13,1.000,326.000,815.000,175.000,503.000,1,1,1,1,0,True
12.446,2106770196408,13,1.000,325.000,812.000,179.000,505.000,1,1,1,1,0,True
12.479,2106770196520,13,1.000,318.000,806.000,178.000,505.000,1,1,1,1,0,True
12.512,2106770196632,13,1.000,306.000,816.000,176.000,516.000,1,1,1,1,0,True
12.546,2106770196744,13,1.000,302.000,814.000,178.000,517.000,1,1,1,1,0,True
12.579,2106770196856,13,1.000,307.000,804.000,181.000,507.000,1,1,1,1,0,True
12.613,2106770196968,13,1.000,298.000,815.000,179.000,518.000,1,1,1,1,0,True
12.646,2106770197080,13,1.000,293.000,814.000,180.000,519.000,1,1,1,1,0,True
12.679,2106770197192,13,1.000,294.000,813.000,182.000,520.000,1,1,1,1,0,True
12.713,2106770197304,13,1.000,292.000,800.000,186.000,513.000,1,1,1,1,0,True
12.746,2106770197416,13,1.000,297.000,810.000,183.000,522.000,1,1,1,1,0,True
12.779,2106770197528,13,1.000,295.000,802.000,187.000,514.000,1,1,1,1,0,True
12.813,2106770197640,13,1.000,302.000,802.000,188.000,516.000,1,1,1,1,0,True
12.846,2106770197752,13,1.000,298.000,803.000,188.000,516.000,1,1,1,1,0,True
12.880,2106770197864,13,1.000,302.000,801.000,189.000,517.000,1,1,1,1,0,True
12.913,2106770197976,13,1.000,303.000,795.000,190.000,518.000,1,1,1,1,0,True
12.946,2106770198088,13,1.000,300.000,793.000,190.000,516.000,1,1,1,1,0,True
12.980,2106770198200,13,1.000,309.000,800.000,192.000,520.000,1,1,1,1,0,True
13.013,2106770198312,13,0.998,311.000,801.000,195.000,521.000,1,1,1,1,0,True
13.013,2106770198368,17,0.410,309.000,809.000,190.000,525.000,1,1,1,1,0,False
13.046,2106770186424,13,1.000,305.000,804.000,195.000,525.000,1,1,1,1,0,True
13.080,2106770186368,13,1.000,303.000,798.000,194.000,525.000,1,1,1,1,0,True
13.113,2106770186480,13,1.000,313.000,799.000,194.000,522.000,1,1,1,1,0,True
13.146,2106770186592,13,1.000,306.000,794.000,195.000,525.000,1,1,1,1,0,True
13.180,2106770186704,13,1.000,306.000,790.000,196.000,525.000,1,1,1,1,0,True
13.213,2106770186816,13,1.000,300.000,793.000,194.000,529.000,1,1,1,1,0,True
13.247,2106770186928,13,1.000,309.000,805.000,198.000,531.000,1,1,1,1,0,True
13.280,2106770187040,13,1.000,297.000,798.000,197.000,531.000,1,1,1,1,0,True
13.313,2106770187152,13,1.000,309.000,802.000,198.000,531.000,1,1,1,1,0,True
13.347,2106770187264,13,1.000,318.000,812.000,196.000,531.000,1,1,1,1,0,True
13.380,2106770187376,13,1.000,304.000,806.000,196.000,530.000,1,1,1,1,0,True
13.413,2106770187488,13,1.000,315.000,815.000,198.000,532.000,1,1,1,1,0,True
13.447,2106770187600,13,1.000,321.000,816.000,198.000,532.000,1,1,1,1,0,True
13.480,2106770187712,13,1.000,333.000,821.000,202.000,532.000,1,1,1,1,0,True
13.513,2106770187824,13,1.000,329.000,807.000,199.000,531.000,1,1,1,1,0,True
13.547,2106770187936,13,1.000,327.000,813.000,199.000,531.000,1,1,1,1,0,True
13.580,2106770188048,13,1.000,321.000,822.000,193.000,537.000,1,1,1,1,0,True
13.614,2106770188160,13,1.000,323.000,822.000,202.000,536.000,1,1,1,1,0,True
13.647,2106770188272,13,1.000,320.000,822.000,201.000,535.000,1,1,1,1,0,True
13.680,2106770188384,13,1.000,320.000,815.000,199.000,534.000,1,1,1,1,0,True
13.714,2106770188496,13,1.000,320.000,816.000,200.000,533.000,1,1,1,1,0,True
13.747,2106770188608,13,1.000,319.000,819.000,200.000,534.000,1,1,1,1,0,True
13.780,2106770188720,13,1.000,319.000,820.000,201.000,533.000,1,1,1,1,0,True
13.814,2106770188832,13,1.000,317.000,834.000,202.000,539.000,1,1,1,1,0,True
13.847,2106770188944,13,1.000,316.000,840.000,202.000,539.000,1,1,1,1,0,True
13.881,2106770189056,13,1.000,315.000,831.000,202.000,537.000,1,1,1,1,0,True
13.914,2106770189168,13,1.000,318.000,836.000,202.000,537.000,1,1,1,1,0,True
13.947,2106770189280,13,1.000,318.000,840.000,200.000,539.000,1,1,1,1,0,True
13.981,2106770189392,13,1.000,319.000,852.000,201.000,539.000,1,1,1,1,0,True
14.014,2106770189504,13,1.000,322.000,851.000,201.000,538.000,1,1,1,1,0,True
14.047,2106770189616,13,1.000,327.000,854.000,201.000,538.000,1,1,1,1,0,True
14.081,2106770189728,13,1.000,329.000,854.000,202.000,537.000,1,1,1,1,0,True
14.114,2106770189840,13,1.000,328.000,843.000,202.000,533.000,1,1,1,1,0,True
14.147,2106770189952,13,1.000,328.000,840.000,202.000,533.000,1,1,1,1,0,True
14.181,2106770190064,13,1.000,325.000,849.000,202.000,535.000,1,1,1,1,0,True
14.214,2106770190176,13,1.000,331.000,855.000,200.000,533.000,1,1,1,1,0,True
14.248,2106770190288,13,1.000,337.000,853.000,200.000,532.000,1,1,1,1,0,True
14.281,2106770231424,13,1.000,338.000,847.000,199.000,534.000,1,1,1,1,0,True
14.314,2106770231536,13,1.000,342.000,853.000,199.000,535.000,1,1,1,1,0,True
14.348,2106770231648,13,1.000,348.000,860.000,199.000,531.000,1,1,1,1,0,True
14.381,2106770231760,13,1.000,348.000,855.000,188.000,531.000,1,1,1,1,0,True
14.414,2106770231872,13,1.000,358.000,860.000,198.000,529.000,1,1,1,1,0,True
14.448,2106770231984,13,1.000,348.000,855.000,187.000,533.000,1,1,1,1,0,True
14.481,2106770232096,13,1.000,359.000,855.000,189.000,532.000,1,1,1,1,0,True
14.514,2106770232208,13,1.000,356.000,858.000,188.000,530.000,1,1,1,1,0,True
14.548,2106770232320,13,1.000,352.000,857.000,187.000,532.000,1,1,1,1,0,True
14.581,2106770232432,13,1.000,359.000,869.000,191.000,526.000,1,1,1,1,0,True
14.615,2106770232544,13,1.000,348.000,859.000,186.000,531.000,1,1,1,1,0,True
14.648,2106770232656,13,1.000,339.000,861.000,186.000,530.000,1,1,1,1,0,True
14.681,2106770232768,13,1.000,340.000,861.000,185.000,529.000,1,1,1,1,0,True
14.715,2106770232880,13,1.000,345.000,868.000,191.000,521.000,1,1,1,1,0,True
14.748,2106770232992,13,1.000,342.000,867.000,189.000,521.000,1,1,1,1,0,True
14.781,2106770233104,13,1.000,336.000,865.000,190.000,522.000,1,1,1,1,0,True
14.815,2106770233216,13,1.000,333.000,863.000,190.000,520.000,1,1,1,1,0,True
14.848,2106770233328,13,1.000,334.000,862.000,186.000,517.000,1,1,1,1,0,True
14.882,2106770233440,13,1.000,335.000,865.000,185.000,517.000,1,1,1,1,0,True
14.915,2106770233552,13,1.000,332.000,865.000,186.000,516.000,1,1,1,1,0,True
14.948,2106770233664,13,1.000,333.000,865.000,183.000,518.000,1,1,1,1,0,True
14.982,2106770233776,13,1.000,331.000,868.000,184.000,515.000,1,1,1,1,0,True
15.015,2106770233888,13,1.000,334.000,868.000,182.000,513.000,1,1,1,1,0,True
15.048,2106770234000,13,1.000,336.000,868.000,182.000,515.000,1,1,1,1,0,True
15.082,2106770234112,13,1.000,337.000,868.000,180.000,515.000,1,1,1,1,0,True
15.115,2106770234224,13,1.000,338.000,866.000,181.000,513.000,1,1,1,1,0,True
15.148,2106770234336,13,1.000,340.000,870.000,183.000,512.000,1,1,1,1,0,True
15.182,2106770234448,13,1.000,330.000,864.000,178.000,520.000,1,1,1,1,0,True
15.215,2106770234560,13,1.000,346.000,869.000,181.000,513.000,1,1,1,1,0,True
15.249,2106770234672,13,1.000,340.000,870.000,177.000,520.000,1,1,1,1,0,True
15.282,2106770234784,13,1.000,341.000,871.000,181.000,520.000,1,1,1,1,0,True
15.315,2106770234896,13,1.000,348.000,867.000,178.000,520.000,1,1,1,1,0,True
15.349,2106770235008,13,1.000,352.000,867.000,178.000,519.000,1,1,1,1,0,True
15.382,2106770235120,13,1.000,352.000,868.000,179.000,518.000,1,1,1,1,0,True
15.415,2106770235232,13,1.000,356.000,869.000,177.000,518.000,1,1,1,1,0,True
15.449,2106770235344,13,1.000,355.000,867.000,176.000,517.000,1,1,1,1,0,True
15.482,2106770251904,13,1.000,363.000,866.000,177.000,516.000,1,1,1,1,0,True
15.515,2106770252016,13,1.000,368.000,865.000,177.000,516.000,1,1,1,1,0,True
15.549,2106770252128,13,1.000,369.000,863.000,177.000,515.000,1,1,1,1,0,True
15.582,2106770252240,13,1.000,364.000,862.000,176.000,515.000,1,1,1,1,0,True
15.616,2106770252352,13,1.000,356.000,858.000,174.000,515.000,1,1,1,1,0,True
15.649,2106770252464,13,1.000,357.000,858.000,172.000,514.000,1,1,1,1,0,True
15.682,2106770252576,13,1.000,355.000,858.000,171.000,515.000,1,1,1,1,0,True
15.716,2106770252688,13,1.000,353.000,857.000,173.000,515.000,1,1,1,1,0,True
15.749,2106770252800,13,1.000,355.000,856.000,172.000,514.000,1,1,1,1,0,True
15.782,2106770252912,13,1.000,353.000,855.000,172.000,515.000,1,1,1,1,0,True
15.816,2106770253024,13,1.000,350.000,855.000,169.000,515.000,1,1,1,1,0,True
15.849,2106770253136,13,1.000,348.000,858.000,173.000,515.000,1,1,1,1,0,True
15.883,2106770253248,13,1.000,349.000,855.000,174.000,514.000,1,1,1,1,0,True
15.916,2106770253360,13,1.000,347.000,853.000,170.000,515.000,1,1,1,1,0,True
15.949,2106770253472,13,1.000,352.000,852.000,172.000,515.000,1,1,1,1,0,True
15.983,2106770253584,13,1.000,348.000,848.000,171.000,512.000,1,1,1,1,0,True
16.016,2106770253696,13,1.000,350.000,847.000,173.000,515.000,1,1,1,1,0,True
16.049,2106770253808,13,1.000,351.000,846.000,171.000,514.000,1,1,1,1,0,True
16.083,2106770253920,13,1.000,348.000,845.000,172.000,512.000,1,1,1,1,0,True
16.116,2106770254032,13,1.000,346.000,847.000,172.000,512.000,1,1,1,1,0,True
16.149,2106770254144,13,1.000,346.000,846.000,172.000,512.000,1,1,1,1,0,True
16.183,2106770254256,13,1.000,341.000,848.000,171.000,514.000,1,1,1,1,0,True
16.216,2106770254368,13,1.000,339.000,846.000,171.000,515.000,1,1,1,1,0,True
16.250,2106770254480,13,1.000,343.000,845.000,168.000,512.000,1,1,1,1,0,True
16.283,2106770254592,13,1.000,347.000,847.000,170.000,511.000,1,1,1,1,0,True
16.316,2106770254704,13,1.000,350.000,847.000,169.000,512.000,1,1,1,1,0,True
16.350,2106770254816,13,1.000,348.000,846.000,168.000,518.000,1,1,1,1,0,True
16.383,2106770254928,13,1.000,344.000,845.000,171.000,514.000,1,1,1,1,0,True
16.416,2106770255040,13,1.000,347.000,842.000,170.000,514.000,1,1,1,1,0,True
16.450,2106770255152,13,1.000,349.000,837.000,171.000,514.000,1,1,1,1,0,True
16.483,2106770255264,13,1.000,352.000,841.000,170.000,513.000,1,1,1,1,0,True
16.516,2106770255376,13,1.000,353.000,837.000,172.000,513.000,1,1,1,1,0,True
16.550,2106770255488,13,1.000,351.000,838.000,171.000,512.000,1,1,1,1,0,True
16.583,2106770255600,13,1.000,350.000,831.000,171.000,511.000,1,1,1,1,0,True
16.617,2106770255712,13,1.000,353.000,834.000,173.000,513.000,1,1,1,1,0,True
16.650,2106770255824,13,1.000,352.000,841.000,173.000,511.000,1,1,1,1,0,True
16.683,2106770284672,13,1.000,349.000,835.000,170.000,511.000,1,1,1,1,0,True
16.717,2106770284784,13,1.000,351.000,846.000,170.000,513.000,1,1,1,1,0,True
16.750,2106770284896,13,1.000,352.000,844.000,172.000,511.000,1,1,1,1,0,True
16.783,2106770285008,13,1.000,353.000,846.000,172.000,511.000,1,1,1,1,0,True
16.817,2106770285120,13,1.000,350.000,846.000,172.000,513.000,1,1,1,1,0,True
16.850,2106770285232,13,1.000,350.000,846.000,170.000,514.000,1,1,1,1,0,True
16.884,2106770285344,13,1.000,358.000,846.000,169.000,511.000,1,1,1,1,0,True
16.917,2106770285456,13,1.000,351.000,843.000,171.000,513.000,1,1,1,1,0,True
16.950,2106770285568,13,1.000,349.000,843.000,170.000,512.000,1,1,1,1,0,True
16.984,2106770285680,13,1.000,348.000,842.000,169.000,511.000,1,1,1,1,0,True
17.017,2106770285792,13,1.000,356.000,835.000,171.000,509.000,1,1,1,1,0,True
17.050,2106770285904,13,1.000,350.000,830.000,167.000,509.000,1,1,1,1,0,True
17.084,2106770286016,13,1.000,349.000,838.000,167.000,510.000,1,1,1,1,0,True
17.117,2106770286128,13,1.000,352.000,842.000,167.000,510.000,1,1,1,1,0,True
17.150,2106770286240,13,1.000,361.000,844.000,164.000,508.000,1,1,1,1,0,True
17.184,2106770286352,13,1.000,362.000,843.000,164.000,508.000,1,1,1,1,0,True
17.217,2106770286464,13,1.000,359.000,847.000,165.000,509.000,1,1,1,1,0,True
17.251,2106770286576,13,1.000,363.000,846.000,167.000,507.000,1,1,1,1,0,True
17.284,2106770286688,13,1.000,362.000,829.000,168.000,505.000,1,1,1,1,0,True
17.317,2106770286800,13,1.000,366.000,832.000,166.000,505.000,1,1,1,1,0,True
17.351,2106770286912,13,1.000,365.000,835.000,169.000,506.000,1,1,1,1,0,True
17.384,2106770287024,13,1.000,366.000,829.000,167.000,505.000,1,1,1,1,0,True
17.417,2106770287136,13,1.000,362.000,832.000,168.000,507.000,1,1,1,1,0,True
17.451,2106770287248,13,1.000,365.000,829.000,168.000,507.000,1,1,1,1,0,True
17.484,2106770287360,13,1.000,366.000,831.000,168.000,508.000,1,1,1,1,0,True
17.517,2106770287472,13,1.000,366.000,828.000,168.000,509.000,1,1,1,1,0,True
17.551,2106770287584,13,1.000,376.000,828.000,168.000,508.000,1,1,1,1,0,True
17.584,2106770287696,13,1.000,373.000,825.000,167.000,506.000,1,1,1,1,0,True
17.618,2106770287808,13,1.000,373.000,824.000,168.000,506.000,1,1,1,1,0,True
17.651,2106770287920,13,1.000,370.000,823.000,168.000,506.000,1,1,1,1,0,True
17.684,2106770288032,13,1.000,369.000,827.000,169.000,505.000,1,1,1,1,0,True
17.718,2106770288144,13,1.000,373.000,824.000,169.000,506.000,1,1,1,1,0,True
17.751,2106770288256,13,1.000,376.000,825.000,169.000,505.000,1,1,1,1,0,True
17.784,2106770288368,13,1.000,376.000,826.000,168.000,504.000,1,1,1,1,0,True
17.818,2106770288480,13,1.000,378.000,821.000,169.000,504.000,1,1,1,1,0,True
17.851,2106770288592,13,1.000,383.000,826.000,168.000,504.000,1,1,1,1,0,True
17.885,2106770313344,13,1.000,381.000,824.000,168.000,504.000,1,1,1,1,0,True
17.918,2106770313344,13,1.000,381.000,824.000,168.000,504.000,1,1,1,1,0,True
