time,id,class_id,confidence,x_min,x_max,y_min,y_max,border_left,border_right,border_top,border_bottom,vx_min,vx_max,vy_min,vy_max,sigma_x_min_00,sigma_x_min_01,sigma_x_min_10,sigma_x_min_11,sigma_x_max_00,sigma_x_max_01,sigma_x_max_10,sigma_x_max_11,sigma_y_min_00,sigma_y_min_01,sigma_y_min_10,sigma_y_min_11,sigma_y_max_00,sigma_y_max_01,sigma_y_max_10,sigma_y_max_11,x_center,y_center,vx_center,vy_center,vx_center_var,vy_center_var,retention_count,body,matched,x_min_d,x_max_d,y_min_d,y_max_d
0.067,2175804665248,19,0.945,3.000,636.000,5.000,269.000,2,1,2,1,0.000,0.000,0.000,0.000,200.000,0.000,0.000,10000.000,200.000,0.000,0.000,10000.000,200.000,0.000,0.000,10000.000,200.000,0.000,0.000,10000.000,319.500,137.000,0.000,0.000,400.000,400.000,0,2175847561816,False,3.000,636.000,5.000,269.000
0.100,2175847562376,19,0.945,3.000,636.000,5.000,269.000,2,1,2,1,0.000,0.000,0.000,0.000,200.000,0.000,0.000,10000.000,200.000,0.000,0.000,10000.000,200.000,0.000,0.000,10000.000,200.000,0.000,0.000,10000.000,319.500,137.000,0.000,0.000,400.000,400.000,0,2175847562656,False,3.000,636.000,5.000,269.000
0.100,2175804665248,19,0.803,1.973,615.455,9.109,267.973,2,1,2,1,-1.621,-32.425,6.485,-1.621,102.726,162.123,162.123,9730.795,102.726,162.123,162.123,9730.795,102.726,162.123,162.123,9730.795,102.726,162.123,162.123,9730.795,308.714,138.541,-17.023,2.432,205.453,205.453,0,2175847561816,True,1.000,596.000,13.000,267.000
0.133,2175847562376,19,0.803,1.973,615.455,9.109,267.973,2,1,2,1,-1.621,-32.425,6.485,-1.621,102.726,162.123,162.123,9730.795,102.726,162.123,162.123,9730.795,102.726,162.123,162.123,9730.795,102.726,162.123,162.123,9730.795,308.714,138.541,-17.023,2.432,205.453,205.453,0,2175847562656,True,1.000,596.000,13.000,267.000
0.133,2175804665248,19,0.803,1.566,607.326,10.735,267.566,2,1,2,1,-2.999,-59.975,11.995,-2.999,76.713,299.885,299.885,9002.352,76.713,299.885,299.885,9002.352,76.713,299.885,299.885,9002.352,76.713,299.885,299.885,9002.352,304.446,139.151,-31.487,4.498,153.426,153.426,0,2175847561816,True,1.000,596.000,13.000,267.000
0.167,2175847562376,19,0.353,8.087,611.162,18.790,269.101,2,1,2,1,22.491,-44.981,43.483,2.999,76.713,299.885,299.885,9002.352,76.713,299.885,299.885,9002.352,76.713,299.885,299.885,9002.352,76.713,299.885,299.885,9002.352,309.624,143.945,-11.245,23.241,153.426,153.426,0,2175847562656,True,18.000,606.000,34.000,271.000
0.167,2175804665248,19,0.353,7.222,605.561,19.095,268.697,2,1,2,1,29.333,-58.659,56.708,3.911,69.625,391.100,391.100,7830.125,69.625,391.100,391.100,7830.125,69.625,391.100,391.100,7830.125,69.625,391.100,391.100,7830.125,306.392,143.896,-14.663,30.310,139.251,139.251,0,2175847561816,True,18.000,606.000,34.000,271.000
0.200,2175847562376,19,0.353,12.027,608.388,25.030,269.827,2,1,2,1,40.410,-52.143,70.392,6.518,69.625,391.100,391.100,7830.125,69.625,391.100,391.100,7830.125,69.625,391.100,391.100,7830.125,69.625,391.100,391.100,7830.125,310.207,147.428,-5.866,38.455,139.251,139.251,0,2175847562656,True,18.000,606.000,34.000,271.000
0.200,2175804665248,19,0.353,11.563,604.428,25.451,269.573,2,1,2,1,50.320,-53.532,84.581,8.565,68.637,428.313,428.313,6434.601,68.637,428.313,428.313,6434.601,68.637,428.313,428.313,6434.601,68.637,428.313,428.313,6434.601,307.995,147.512,-1.606,46.573,137.273,137.273,0,2175847561816,True,18.000,606.000,34.000,271.000
0.233,2175847562376,19,0.353,14.961,606.427,29.649,270.372,2,1,2,1,50.318,-53.534,84.578,8.565,68.637,428.313,428.313,6434.601,68.637,428.313,428.313,6434.601,68.637,428.313,428.313,6434.601,68.637,428.313,428.313,6434.601,310.694,150.011,-1.608,46.571,137.273,137.273,0,2175847562656,True,18.000,606.000,34.000,271.000
0.233,2175804665248,19,0.353,14.873,603.795,30.236,270.250,2,1,1,1,60.370,-46.445,96.678,10.976,68.611,422.283,422.283,5078.385,68.611,422.283,422.283,5078.385,68.611,422.283,422.283,5078.385,68.611,422.283,422.283,5078.385,309.334,150.243,6.962,53.827,137.223,137.223,0,2175847561816,True,18.000,606.000,34.000,271.000
0.267,2175847562376,19,0.353,17.106,605.108,32.994,270.775,2,1,1,1,53.192,-50.667,87.812,9.287,68.611,422.283,422.283,5078.385,68.611,422.283,422.283,5078.385,68.611,422.283,422.283,5078.385,68.611,422.283,422.283,5078.385,311.107,151.885,1.263,48.549,137.223,137.223,0,2175847562656,True,18.000,606.000,34.000,271.000
0.267,2175804665248,19,0.402,12.519,581.154,23.477,293.788,2,1,2,1,35.171,-168.170,39.070,144.704,67.771,391.108,391.108,3922.562,67.771,391.108,391.108,3922.562,67.771,391.108,391.108,3922.562,67.771,391.108,391.108,3922.562,296.837,158.632,-66.500,91.887,135.543,135.543,0,2175847561816,True,4.000,540.000,4.000,339.000
0.300,2175847562376,19,0.353,17.564,589.384,29.848,286.305,2,1,2,1,45.607,-131.663,52.767,97.121,67.771,391.108,391.108,3922.562,67.771,391.108,391.108,3922.562,67.771,391.108,391.108,3922.562,67.771,391.108,391.108,3922.562,303.474,158.076,-43.028,74.944,135.543,135.543,0,2175847562656,True,15.000,562.000,18.000,316.000
0.300,2175804665248,19,0.353,14.123,571.084,22.545,304.342,2,1,2,1,37.460,-191.872,27.211,175.124,65.908,349.885,349.885,3010.608,65.908,349.885,349.885,3010.608,65.908,349.885,349.885,3010.608,65.908,349.885,349.885,3010.608,292.603,163.443,-77.206,101.167,131.817,131.817,0,2175847561816,True,15.000,562.000,18.000,316.000
0.333,2175847562376,19,0.353,19.085,584.995,31.607,289.542,2,1,1,1,45.607,-131.663,52.767,97.121,98.304,521.860,521.860,3923.562,98.304,521.860,521.860,3923.562,98.304,521.860,521.860,3923.562,98.304,521.860,521.860,3923.562,302.040,160.575,-43.028,74.944,196.607,196.607,1,2175847562656,False,15.000,562.000,18.000,316.000
0.333,2175804665248,19,0.353,15.371,564.688,23.452,310.179,2,1,2,1,37.460,-191.872,27.211,175.124,92.679,450.239,450.239,3011.608,92.679,450.239,450.239,3011.608,92.679,450.239,450.239,3011.608,92.679,450.239,450.239,3011.608,290.030,166.816,-77.206,101.167,185.358,185.358,1,2175847561816,False,15.000,562.000,18.000,316.000
0.367,2175847562376,19,0.353,20.605,580.606,33.366,292.779,2,1,1,1,45.607,-131.663,52.767,97.121,137.554,652.645,652.645,3924.562,137.554,652.645,652.645,3924.562,137.554,652.645,652.645,3924.562,137.554,652.645,652.645,3924.562,300.606,163.073,-43.028,74.944,275.107,275.107,2,2175847562656,False,15.000,562.000,18.000,316.000
0.367,2175804665248,19,0.353,16.620,558.292,24.359,316.017,2,1,2,1,37.460,-191.872,27.211,175.124,126.141,550.625,550.625,3012.608,126.141,550.625,550.625,3012.608,126.141,550.625,550.625,3012.608,126.141,550.625,550.625,3012.608,287.456,170.188,-77.206,101.167,252.283,252.283,2,2175847561816,False,15.000,562.000,18.000,316.000
0.400,2175847562376,19,0.353,22.125,576.218,35.125,296.017,2,1,1,1,45.607,-131.663,52.767,97.121,185.524,783.464,783.464,3925.562,185.524,783.464,783.464,3925.562,185.524,783.464,783.464,3925.562,185.524,783.464,783.464,3925.562,299.171,165.571,-43.028,74.944,371.048,371.048,3,2175847562656,False,15.000,562.000,18.000,316.000
0.400,2175804665248,19,0.353,17.869,551.896,25.266,321.854,2,1,2,1,37.460,-191.872,27.211,175.124,166.297,651.046,651.046,3013.608,166.297,651.046,651.046,3013.608,166.297,651.046,651.046,3013.608,166.297,651.046,651.046,3013.608,284.883,173.560,-77.206,101.167,332.594,332.594,3,2175847561816,False,15.000,562.000,18.000,316.000
0.433,2175847562376,19,0.353,23.645,571.829,36.884,299.254,2,1,1,1,45.607,-131.663,52.767,97.121,242.217,914.316,914.316,3926.562,242.217,914.316,914.316,3926.562,242.217,914.316,914.316,3926.562,242.217,914.316,914.316,3926.562,297.737,168.069,-43.028,74.944,484.433,484.433,4,2175847562656,False,15.000,562.000,18.000,316.000
0.433,2175804665248,19,0.353,19.117,545.501,26.173,327.692,2,1,2,1,37.460,-191.872,27.211,175.124,213.149,751.499,751.499,3014.608,213.149,751.499,751.499,3014.608,213.149,751.499,751.499,3014.608,213.149,751.499,751.499,3014.608,282.309,176.932,-77.206,101.167,426.297,426.297,4,2175847561816,False,15.000,562.000,18.000,316.000
0.467,2175847562376,19,0.353,25.166,567.440,38.643,302.491,2,1,1,1,45.607,-131.663,52.767,97.121,307.634,1045.201,1045.201,3927.562,307.634,1045.201,1045.201,3927.562,307.634,1045.201,1045.201,3927.562,307.634,1045.201,1045.201,3927.562,296.303,170.567,-43.028,74.944,615.268,615.268,5,2175847562656,False,15.000,562.000,18.000,316.000
0.467,2175804665248,19,0.353,20.366,539.105,27.080,333.529,2,1,2,1,37.460,-191.872,27.211,175.124,266.698,851.986,851.986,3015.608,266.698,851.986,851.986,3015.608,266.698,851.986,851.986,3015.608,266.698,851.986,851.986,3015.608,279.736,180.305,-77.206,101.167,533.396,533.396,5,2175847561816,False,15.000,562.000,18.000,316.000
0.500,2175847562376,19,0.353,26.686,563.051,40.402,305.729,2,1,1,1,45.607,-131.663,52.767,97.121,381.778,1176.120,1176.120,3928.562,381.778,1176.120,1176.120,3928.562,381.778,1176.120,1176.120,3928.562,381.778,1176.120,1176.120,3928.562,294.869,173.065,-43.028,74.944,763.556,763.556,6,2175847562656,False,15.000,562.000,18.000,316.000
0.500,2175804665248,19,0.353,21.615,532.709,27.987,339.367,2,1,2,1,37.460,-191.872,27.211,175.124,326.948,952.506,952.506,3016.608,326.948,952.506,952.506,3016.608,326.948,952.506,952.506,3016.608,326.948,952.506,952.506,3016.608,277.162,183.677,-77.206,101.167,653.896,653.896,6,2175847561816,False,15.000,562.000,18.000,316.000
0.533,2175847562376,19,0.353,28.206,558.663,42.161,308.966,2,1,1,1,45.607,-131.663,52.767,97.121,464.651,1307.072,1307.072,3929.562,464.651,1307.072,1307.072,3929.562,464.651,1307.072,1307.072,3929.562,464.651,1307.072,1307.072,3929.562,293.434,175.563,-43.028,74.944,929.302,929.302,7,2175847562656,False,15.000,562.000,18.000,316.000
0.533,2175804665248,19,0.353,22.864,526.313,28.894,345.204,2,1,2,1,37.460,-191.872,27.211,175.124,393.900,1053.060,1053.060,3017.608,393.900,1053.060,1053.060,3017.608,393.900,1053.060,1053.060,3017.608,393.900,1053.060,1053.060,3017.608,274.588,187.049,-77.206,101.167,787.800,787.800,7,2175847561816,False,15.000,562.000,18.000,316.000
0.567,2175847562376,19,0.353,29.726,554.274,43.919,312.203,2,1,1,1,45.607,-131.663,52.767,97.121,556.255,1438.057,1438.057,3930.562,556.255,1438.057,1438.057,3930.562,556.255,1438.057,1438.057,3930.562,556.255,1438.057,1438.057,3930.562,292.000,178.061,-43.028,74.944,1112.511,1112.511,8,2175847562656,False,15.000,562.000,18.000,316.000
0.567,2175804665248,19,0.353,24.112,519.918,29.801,351.041,2,1,2,1,37.460,-191.872,27.211,175.124,467.557,1153.647,1153.647,3018.608,467.557,1153.647,1153.647,3018.608,467.557,1153.647,1153.647,3018.608,467.557,1153.647,1153.647,3018.608,272.015,190.421,-77.206,101.167,935.114,935.114,8,2175847561816,False,15.000,562.000,18.000,316.000
0.600,2175847562376,19,0.353,31.247,549.885,45.678,315.441,1,1,1,1,45.607,-131.663,52.767,97.121,656.593,1569.076,1569.076,3931.562,656.593,1569.076,1569.076,3931.562,656.593,1569.076,1569.076,3931.562,656.593,1569.076,1569.076,3931.562,290.566,180.560,-43.028,74.944,1313.186,1313.186,9,2175847562656,False,15.000,562.000,18.000,316.000
0.600,2175804665248,19,0.353,25.361,513.522,30.708,356.879,2,1,1,1,37.460,-191.872,27.211,175.124,547.921,1254.267,1254.267,3019.608,547.921,1254.267,1254.267,3019.608,547.921,1254.267,1254.267,3019.608,547.921,1254.267,1254.267,3019.608,269.441,193.794,-77.206,101.167,1095.841,1095.841,9,2175847561816,False,15.000,562.000,18.000,316.000
0.633,2175847562376,19,0.353,32.767,545.496,47.437,318.678,1,1,1,1,45.607,-131.663,52.767,97.121,765.667,1700.128,1700.128,3932.562,765.667,1700.128,1700.128,3932.562,765.667,1700.128,1700.128,3932.562,765.667,1700.128,1700.128,3932.562,289.132,183.058,-43.028,74.944,1531.333,1531.333,10,2175847562656,False,15.000,562.000,18.000,316.000
0.633,2175804665248,19,0.353,26.610,507.126,31.615,362.716,2,1,1,1,37.460,-191.872,27.211,175.124,634.994,1354.921,1354.921,3020.608,634.994,1354.921,1354.921,3020.608,634.994,1354.921,1354.921,3020.608,634.994,1354.921,1354.921,3020.608,266.868,197.166,-77.206,101.167,1269.987,1269.987,10,2175847561816,False,15.000,562.000,18.000,316.000
0.667,2175847562376,19,0.353,34.287,541.107,49.196,321.916,1,1,1,1,45.607,-131.663,52.767,97.121,883.478,1831.214,1831.214,3933.562,883.478,1831.214,1831.214,3933.562,883.478,1831.214,1831.214,3933.562,883.478,1831.214,1831.214,3933.562,287.697,185.556,-43.028,74.944,1766.956,1766.956,11,2175847562656,False,15.000,562.000,18.000,316.000
0.667,2175804665248,19,0.337,82.111,336.163,153.735,288.084,1,1,1,1,145.821,-520.568,269.313,14.398,156.933,313.446,313.446,740.337,156.933,313.446,313.446,740.337,156.933,313.446,313.446,740.337,156.933,313.446,313.446,740.337,209.137,220.909,-187.373,141.856,313.865,313.865,0,2175847561816,True,97.000,291.000,187.000,266.000
0.700,2175847562376,19,0.353,35.807,536.719,50.955,325.153,1,1,1,1,45.607,-131.663,52.767,97.121,1010.030,1962.332,1962.332,3934.562,1010.030,1962.332,1962.332,3934.562,1010.030,1962.332,1962.332,3934.562,1010.030,1962.332,1962.332,3934.562,286.263,188.054,-43.028,74.944,2020.059,2020.059,12,2175847562656,False,15.000,562.000,18.000,316.000
0.700,2175804665248,19,0.337,86.972,318.810,162.712,288.564,1,1,1,1,145.821,-520.568,269.313,14.398,178.752,338.124,338.124,741.337,178.752,338.124,338.124,741.337,178.752,338.124,338.124,741.337,178.752,338.124,338.124,741.337,202.891,225.638,-187.373,141.856,357.503,357.503,1,2175847561816,False,97.000,291.000,187.000,266.000
0.733,2175847562376,19,0.353,37.328,532.330,52.714,328.390,1,1,1,1,45.607,-131.663,52.767,97.121,1145.323,2093.484,2093.484,3935.562,1145.323,2093.484,2093.484,3935.562,1145.323,2093.484,2093.484,3935.562,1145.323,2093.484,2093.484,3935.562,284.829,190.552,-43.028,74.944,2290.647,2290.647,13,2175847562656,False,15.000,562.000,18.000,316.000
0.733,2175804665248,19,0.337,91.833,301.458,171.689,289.043,1,1,1,1,145.821,-520.568,269.313,14.398,202.217,362.835,362.835,742.337,202.217,362.835,362.835,742.337,202.217,362.835,362.835,742.337,202.217,362.835,362.835,742.337,196.645,230.366,-187.373,141.856,404.434,404.434,2,2175847561816,False,97.000,291.000,187.000,266.000
0.767,2175847562376,19,0.353,38.848,527.941,54.473,331.628,1,1,1,1,45.607,-131.663,52.767,97.121,1289.362,2224.670,2224.670,3936.562,1289.362,2224.670,2224.670,3936.562,1289.362,2224.670,2224.670,3936.562,1289.362,2224.670,2224.670,3936.562,283.394,193.050,-43.028,74.944,2578.724,2578.724,14,2175847562656,False,15.000,562.000,18.000,316.000
0.767,2175804665248,19,0.337,96.693,284.106,180.667,289.523,1,1,1,1,145.821,-520.568,269.313,14.398,227.331,387.579,387.579,743.337,227.331,387.579,387.579,743.337,227.331,387.579,387.579,743.337,227.331,387.579,387.579,743.337,190.400,235.095,-187.373,141.856,454.661,454.661,3,2175847561816,False,97.000,291.000,187.000,266.000
0.800,2175847562376,19,0.353,40.368,523.552,56.232,334.865,1,1,1,1,45.607,-131.663,52.767,97.121,1442.147,2355.888,2355.888,3937.562,1442.147,2355.888,2355.888,3937.562,1442.147,2355.888,2355.888,3937.562,1442.147,2355.888,2355.888,3937.562,281.960,195.548,-43.028,74.944,2884.294,2884.294,15,2175847562656,False,15.000,562.000,18.000,316.000
0.800,2175804665248,19,0.337,101.554,266.754,189.644,290.003,1,1,1,1,145.821,-520.568,269.313,14.398,254.095,412.357,412.357,744.337,254.095,412.357,412.357,744.337,254.095,412.357,412.357,744.337,254.095,412.357,412.357,744.337,184.154,239.823,-187.373,141.856,508.191,508.191,4,2175847561816,False,97.000,291.000,187.000,266.000
0.833,2175847562376,19,0.353,41.888,519.164,57.990,338.102,1,1,1,1,45.607,-131.663,52.767,97.121,1603.681,2487.141,2487.141,3938.562,1603.681,2487.141,2487.141,3938.562,1603.681,2487.141,2487.141,3938.562,1603.681,2487.141,2487.141,3938.562,280.526,198.046,-43.028,74.944,3207.363,3207.363,16,2175847562656,False,15.000,562.000,18.000,316.000
0.833,2175804665248,19,0.337,106.415,249.401,198.621,290.483,1,1,1,1,145.821,-520.568,269.313,14.398,282.513,437.169,437.169,745.337,282.513,437.169,437.169,745.337,282.513,437.169,437.169,745.337,282.513,437.169,437.169,745.337,177.908,244.552,-187.373,141.856,565.026,565.026,5,2175847561816,False,97.000,291.000,187.000,266.000
0.867,2175847562376,19,0.353,43.409,514.775,59.749,341.340,1,1,1,1,45.607,-131.663,52.767,97.121,1773.967,2618.426,2618.426,3939.562,1773.967,2618.426,2618.426,3939.562,1773.967,2618.426,2618.426,3939.562,1773.967,2618.426,2618.426,3939.562,279.092,200.545,-43.028,74.944,3547.934,3547.934,17,2175847562656,False,15.000,562.000,18.000,316.000
0.867,2175804665248,19,0.337,111.275,232.049,207.598,290.963,1,1,1,1,145.821,-520.568,269.313,14.398,312.586,462.013,462.013,746.337,312.586,462.013,462.013,746.337,312.586,462.013,462.013,746.337,312.586,462.013,462.013,746.337,171.662,249.281,-187.373,141.856,625.171,625.171,6,2175847561816,False,97.000,291.000,187.000,266.000
0.900,2175847562376,19,0.353,44.929,510.386,61.508,344.577,1,1,1,1,45.607,-131.663,52.767,97.121,1953.006,2749.745,2749.745,3940.562,1953.006,2749.745,2749.745,3940.562,1953.006,2749.745,2749.745,3940.562,1953.006,2749.745,2749.745,3940.562,277.657,203.043,-43.028,74.944,3906.012,3906.012,18,2175847562656,False,15.000,562.000,18.000,316.000
0.900,2175804665248,19,0.337,116.136,214.697,216.575,291.443,1,1,1,1,145.821,-520.568,269.313,14.398,344.316,486.891,486.891,747.337,344.316,486.891,486.891,747.337,344.316,486.891,486.891,747.337,344.316,486.891,486.891,747.337,165.417,254.009,-187.373,141.856,688.631,688.631,7,2175847561816,False,97.000,291.000,187.000,266.000
0.933,2175847562376,19,0.353,46.449,505.997,63.267,347.814,1,1,1,1,45.607,-131.663,52.767,97.121,2140.801,2881.097,2881.097,3941.562,2140.801,2881.097,2881.097,3941.562,2140.801,2881.097,2881.097,3941.562,2140.801,2881.097,2881.097,3941.562,276.223,205.541,-43.028,74.944,4281.601,4281.601,19,2175847562656,False,15.000,562.000,18.000,316.000
0.933,2175804665248,19,0.337,120.997,197.345,225.552,291.923,1,1,1,1,145.821,-520.568,269.313,14.398,377.705,511.802,511.802,748.337,377.705,511.802,511.802,748.337,377.705,511.802,511.802,748.337,377.705,511.802,511.802,748.337,159.171,258.738,-187.373,141.856,755.411,755.411,8,2175847561816,False,97.000,291.000,187.000,266.000
0.967,2175847562376,19,0.353,47.969,501.608,65.026,351.052,1,1,1,1,45.607,-131.663,52.767,97.121,2337.353,3012.482,3012.482,3942.562,2337.353,3012.482,3012.482,3942.562,2337.353,3012.482,3012.482,3942.562,2337.353,3012.482,3012.482,3942.562,274.789,208.039,-43.028,74.944,4674.707,4674.707,20,2175847562656,False,15.000,562.000,18.000,316.000
0.967,2175804665248,19,0.337,125.858,179.992,234.529,292.403,1,1,1,1,145.821,-520.568,269.313,14.398,412.757,536.747,536.747,749.337,412.757,536.747,536.747,749.337,412.757,536.747,536.747,749.337,412.757,536.747,536.747,749.337,152.925,263.466,-187.373,141.856,825.514,825.514,9,2175847561816,False,97.000,291.000,187.000,266.000
1.000,2175847562376,19,0.353,49.490,497.220,66.785,354.289,1,1,1,1,45.607,-131.663,52.767,97.121,2542.666,3143.901,3143.901,3943.562,2542.666,3143.901,3143.901,3943.562,2542.666,3143.901,3143.901,3943.562,2542.666,3143.901,3143.901,3943.562,273.355,210.537,-43.028,74.944,5085.332,5085.332,21,2175847562656,False,15.000,562.000,18.000,316.000
1.000,2175804665248,19,0.337,130.718,162.640,243.506,292.883,1,1,1,1,145.821,-520.568,269.313,14.398,449.473,561.725,561.725,750.337,449.473,561.725,561.725,750.337,449.473,561.725,561.725,750.337,449.473,561.725,561.725,750.337,146.679,268.195,-187.373,141.856,898.946,898.946,10,2175847561816,False,97.000,291.000,187.000,266.000
1.033,2175847562376,19,0.353,51.010,492.831,68.544,357.526,1,1,1,1,45.607,-131.663,52.767,97.121,2756.741,3275.353,3275.353,3944.562,2756.741,3275.353,3275.353,3944.562,2756.741,3275.353,3275.353,3944.562,2756.741,3275.353,3275.353,3944.562,271.920,213.035,-43.028,74.944,5513.482,5513.482,22,2175847562656,False,15.000,562.000,18.000,316.000
1.033,2175804665248,19,0.337,135.579,145.288,252.483,293.363,1,1,1,1,145.821,-520.568,269.313,14.398,487.855,586.736,586.736,751.337,487.855,586.736,586.736,751.337,487.855,586.736,586.736,751.337,487.855,586.736,586.736,751.337,140.433,272.923,-187.373,141.856,975.710,975.710,11,2175847561816,False,97.000,291.000,187.000,266.000
1.067,2175847562376,19,0.353,52.530,488.442,70.303,360.764,1,1,1,1,45.607,-131.663,52.767,97.121,2979.581,3406.838,3406.838,3945.562,2979.581,3406.838,3406.838,3945.562,2979.581,3406.838,3406.838,3945.562,2979.581,3406.838,3406.838,3945.562,270.486,215.533,-43.028,74.944,5959.162,5959.162,23,2175847562656,False,15.000,562.000,18.000,316.000
1.100,2175847562376,19,0.353,54.050,484.053,72.062,364.001,1,1,1,1,45.607,-131.663,52.767,97.121,3211.187,3538.357,3538.357,3946.562,3211.187,3538.357,3538.357,3946.562,3211.187,3538.357,3538.357,3946.562,3211.187,3538.357,3538.357,3946.562,269.052,218.031,-43.028,74.944,6422.375,6422.375,24,2175847562656,False,15.000,562.000,18.000,316.000
1.133,2175847562376,19,0.353,55.571,479.665,73.820,367.239,1,1,1,1,45.607,-131.663,52.767,97.121,3451.563,3669.909,3669.909,3947.562,3451.563,3669.909,3669.909,3947.562,3451.563,3669.909,3669.909,3947.562,3451.563,3669.909,3669.909,3947.562,267.618,220.530,-43.028,74.944,6903.126,6903.126,25,2175847562656,False,15.000,562.000,18.000,316.000
1.167,2175847562376,19,0.353,57.091,475.276,75.579,370.476,1,1,1,1,45.607,-131.663,52.767,97.121,3700.710,3801.494,3801.494,3948.562,3700.710,3801.494,3801.494,3948.562,3700.710,3801.494,3801.494,3948.562,3700.710,3801.494,3801.494,3948.562,266.183,223.028,-43.028,74.944,7401.420,7401.420,26,2175847562656,False,15.000,562.000,18.000,316.000
1.200,2175847562376,19,0.353,58.611,470.887,77.338,373.713,1,1,1,1,45.607,-131.663,52.767,97.121,3958.630,3933.113,3933.113,3949.562,3958.630,3933.113,3933.113,3949.562,3958.630,3933.113,3933.113,3949.562,3958.630,3933.113,3933.113,3949.562,264.749,225.526,-43.028,74.944,7917.260,7917.260,27,2175847562656,False,15.000,562.000,18.000,316.000
1.233,2175847562376,19,0.353,60.131,466.498,79.097,376.951,1,1,1,1,45.607,-131.663,52.767,97.121,4225.326,4064.765,4064.765,3950.562,4225.326,4064.765,4064.765,3950.562,4225.326,4064.765,4064.765,3950.562,4225.326,4064.765,4064.765,3950.562,263.315,228.024,-43.028,74.944,8450.652,8450.652,28,2175847562656,False,15.000,562.000,18.000,316.000
1.267,2175847562376,19,0.353,61.652,462.110,80.856,380.188,1,1,1,1,45.607,-131.663,52.767,97.121,4500.800,4196.451,4196.451,3951.562,4500.800,4196.451,4196.451,3951.562,4500.800,4196.451,4196.451,3951.562,4500.800,4196.451,4196.451,3951.562,261.881,230.522,-43.028,74.944,9001.600,9001.600,29,2175847562656,False,15.000,562.000,18.000,316.000
1.300,2175847562376,19,0.353,63.172,457.721,82.615,383.425,1,1,1,1,45.607,-131.663,52.767,97.121,4785.054,4328.169,4328.169,3952.562,4785.054,4328.169,4328.169,3952.562,4785.054,4328.169,4328.169,3952.562,4785.054,4328.169,4328.169,3952.562,260.446,233.020,-43.028,74.944,9570.108,9570.108,30,2175847562656,False,15.000,562.000,18.000,316.000
1.500,2175850405616,7,0.966,4.000,185.000,197.000,293.000,2,1,1,1,0.000,0.000,0.000,0.000,200.000,0.000,0.000,10000.000,200.000,0.000,0.000,10000.000,200.000,0.000,0.000,10000.000,200.000,0.000,0.000,10000.000,94.500,245.000,0.000,0.000,400.000,400.000,0,2175850405560,False,4.000,185.000,197.000,293.000
1.533,2175850405616,7,0.342,2.973,165.996,198.541,293.514,2,1,1,1,-1.621,-29.993,2.432,0.811,102.726,162.123,162.123,9730.795,102.726,162.123,162.123,9730.795,102.726,162.123,162.123,9730.795,102.726,162.123,162.123,9730.795,84.484,246.027,-15.807,1.621,205.453,205.453,0,2175850405560,True,2.000,148.000,200.000,294.000
1.567,2175850402648,7,0.906,110.000,277.000,193.000,275.000,1,1,1,1,0.000,0.000,0.000,0.000,200.000,0.000,0.000,10000.000,200.000,0.000,0.000,10000.000,200.000,0.000,0.000,10000.000,200.000,0.000,0.000,10000.000,193.500,234.000,0.000,0.000,400.000,400.000,0,2175850403544,False,110.000,277.000,193.000,275.000
1.567,2175850405616,7,0.988,35.553,199.518,196.082,286.813,1,1,1,1,125.952,104.962,-7.497,-25.490,76.713,299.885,299.885,9002.352,76.713,299.885,299.885,9002.352,76.713,299.885,299.885,9002.352,76.713,299.885,299.885,9002.352,117.536,241.447,115.457,-16.494,153.426,153.426,0,2175850405560,True,88.000,255.000,192.000,276.000
1.600,2175850402648,7,0.994,81.750,260.564,194.027,277.568,1,1,1,1,-44.584,-25.940,1.621,4.053,102.726,162.123,162.123,9730.795,102.726,162.123,162.123,9730.795,102.726,162.123,162.123,9730.795,102.726,162.123,162.123,9730.795,171.157,235.798,-35.262,2.837,205.453,205.453,0,2175850403544,True,55.000,245.000,195.000,280.000
1.600,2175850405616,7,0.983,34.964,212.411,195.891,288.761,1,1,1,1,99.061,157.727,-7.169,-9.774,69.625,391.100,391.100,7830.125,69.625,391.100,391.100,7830.125,69.625,391.100,391.100,7830.125,69.625,391.100,391.100,7830.125,123.687,242.326,128.394,-8.471,139.251,139.251,0,2175850405560,True,26.000,230.000,196.000,294.000
1.633,2175850402648,7,0.988,53.697,245.239,196.735,283.187,1,1,1,1,-148.440,-82.467,11.995,25.490,76.713,299.885,299.885,9002.352,76.713,299.885,299.885,9002.352,76.713,299.885,299.885,9002.352,76.713,299.885,299.885,9002.352,149.468,239.961,-115.453,18.743,153.426,153.426,0,2175850403544,True,11.000,222.000,201.000,292.000
1.633,2175850405616,7,0.998,26.163,212.634,196.801,288.286,2,1,1,1,23.536,126.314,0.002,-10.706,68.637,428.313,428.313,6434.601,68.637,428.313,428.313,6434.601,68.637,428.313,428.313,6434.601,68.637,428.313,428.313,6434.601,119.399,242.543,74.925,-5.352,137.273,137.273,0,2175850405560,True,3.000,203.000,199.000,288.000
1.667,2175850402648,7,0.990,32.126,222.476,199.177,288.550,1,1,1,1,-241.813,-194.889,23.464,50.840,69.625,391.100,391.100,7830.125,69.625,391.100,391.100,7830.125,69.625,391.100,391.100,7830.125,69.625,391.100,391.100,7830.125,127.301,243.863,-218.351,37.152,139.251,139.251,0,2175850403544,True,1.000,185.000,203.000,297.000
1.667,2175850405616,7,0.998,17.703,196.658,197.898,292.413,2,1,1,1,-33.362,2.068,6.757,16.893,68.611,422.283,422.283,5078.385,68.611,422.283,422.283,5078.385,68.611,422.283,422.283,5078.385,68.611,422.283,422.283,5078.385,107.180,245.156,-15.647,11.825,137.223,137.223,0,2175850405560,True,0.000,158.000,200.000,301.000
1.700,2175850402648,7,0.976,15.807,195.053,201.003,295.995,2,1,1,1,-293.351,-325.481,29.977,86.723,68.637,428.313,428.313,6434.601,68.637,428.313,428.313,6434.601,68.637,428.313,428.313,6434.601,68.637,428.313,428.313,6434.601,105.430,248.499,-309.416,58.350,137.273,137.273,0,2175850403544,True,0.000,155.000,203.000,307.000
1.700,2175850405616,7,0.823,10.969,176.149,199.437,293.323,2,1,1,1,-65.807,-116.685,14.337,18.895,67.771,391.108,391.108,3922.562,67.771,391.108,391.108,3922.562,67.771,391.108,391.108,3922.562,67.771,391.108,391.108,3922.562,93.559,246.380,-91.246,16.616,135.543,135.543,0,2175850405560,True,0.000,136.000,202.000,294.000
1.733,2175850402648,7,0.797,2.245,161.492,203.373,299.954,2,1,1,1,-316.637,-465.264,38.419,93.300,68.611,422.283,422.283,5078.385,68.611,422.283,422.283,5078.385,68.611,422.283,422.283,5078.385,68.611,422.283,422.283,5078.385,81.868,251.664,-390.950,65.859,137.223,137.223,0,2175850403544,True,-5.000,118.000,206.000,302.000
1.733,2175850405616,7,0.533,5.884,146.140,200.932,296.275,2,1,1,1,-81.159,-255.343,19.734,31.223,65.908,349.885,349.885,3010.608,65.908,349.885,349.885,3010.608,65.908,349.885,349.885,3010.608,65.908,349.885,349.885,3010.608,76.012,248.603,-168.251,25.479,131.817,131.817,0,2175850405560,True,0.000,93.000,203.000,301.000
1.767,2175850402648,7,0.291,-3.799,118.541,205.788,306.770,3,1,1,1,-290.609,-623.629,44.962,114.686,67.771,391.108,391.108,3922.562,67.771,391.108,391.108,3922.562,67.771,391.108,391.108,3922.562,67.771,391.108,391.108,3922.562,57.371,256.279,-457.119,79.824,135.543,135.543,0,2175850403544,True,5.000,65.000,208.000,314.000
1.767,2175850405616,7,0.533,3.178,137.629,201.589,297.316,2,1,1,1,-81.159,-255.343,19.734,31.223,92.679,450.239,450.239,3011.608,92.679,450.239,450.239,3011.608,92.679,450.239,450.239,3011.608,92.679,450.239,450.239,3011.608,70.404,249.453,-168.251,25.479,185.358,185.358,1,2175850405560,False,0.000,93.000,203.000,301.000
1.800,2175850402648,7,0.291,-13.486,97.754,207.287,310.592,3,1,1,1,-290.609,-623.629,44.962,114.686,98.304,521.860,521.860,3923.562,98.304,521.860,521.860,3923.562,98.304,521.860,521.860,3923.562,98.304,521.860,521.860,3923.562,42.134,258.940,-457.119,79.824,196.607,196.607,1,2175850403544,False,5.000,65.000,208.000,314.000
1.800,2175850405616,7,0.533,0.473,129.117,202.247,298.357,2,1,1,1,-81.159,-255.343,19.734,31.223,126.141,550.625,550.625,3012.608,126.141,550.625,550.625,3012.608,126.141,550.625,550.625,3012.608,126.141,550.625,550.625,3012.608,64.795,250.302,-168.251,25.479,252.283,252.283,2,2175850405560,False,0.000,93.000,203.000,301.000
1.833,2175850402648,7,0.291,-23.173,76.966,208.785,314.415,3,1,1,1,-290.609,-623.629,44.962,114.686,137.554,652.645,652.645,3924.562,137.554,652.645,652.645,3924.562,137.554,652.645,652.645,3924.562,137.554,652.645,652.645,3924.562,26.896,261.600,-457.119,79.824,275.107,275.107,2,2175850403544,False,5.000,65.000,208.000,314.000
1.833,2175850405616,7,0.533,-2.232,120.606,202.905,299.398,3,1,1,1,-81.159,-255.343,19.734,31.223,166.297,651.046,651.046,3013.608,166.297,651.046,651.046,3013.608,166.297,651.046,651.046,3013.608,166.297,651.046,651.046,3013.608,59.187,251.151,-168.251,25.479,332.594,332.594,3,2175850405560,False,0.000,93.000,203.000,301.000
1.867,2175850402648,7,0.291,-32.860,56.178,210.284,318.238,3,1,1,1,-290.609,-623.629,44.962,114.686,185.524,783.464,783.464,3925.562,185.524,783.464,783.464,3925.562,185.524,783.464,783.464,3925.562,185.524,783.464,783.464,3925.562,11.659,264.261,-457.119,79.824,371.048,371.048,3,2175850403544,False,5.000,65.000,208.000,314.000
1.867,2175850405616,7,0.533,-4.938,112.094,203.563,300.438,3,1,1,1,-81.159,-255.343,19.734,31.223,213.149,751.499,751.499,3014.608,213.149,751.499,751.499,3014.608,213.149,751.499,751.499,3014.608,213.149,751.499,751.499,3014.608,53.578,252.001,-168.251,25.479,426.297,426.297,4,2175850405560,False,0.000,93.000,203.000,301.000
1.900,2175850402648,7,0.291,-42.547,35.391,211.783,322.061,3,1,1,1,-290.609,-623.629,44.962,114.686,242.217,914.316,914.316,3926.562,242.217,914.316,914.316,3926.562,242.217,914.316,914.316,3926.562,242.217,914.316,914.316,3926.562,-3.578,266.922,-457.119,79.824,484.433,484.433,4,2175850403544,False,5.000,65.000,208.000,314.000
1.900,2175850405616,7,0.533,-7.643,103.583,204.221,301.479,3,1,1,1,-81.159,-255.343,19.734,31.223,266.698,851.986,851.986,3015.608,266.698,851.986,851.986,3015.608,266.698,851.986,851.986,3015.608,266.698,851.986,851.986,3015.608,47.970,252.850,-168.251,25.479,533.396,533.396,5,2175850405560,False,0.000,93.000,203.000,301.000
1.933,2175850402648,7,0.291,-52.234,14.603,213.282,325.884,5,1,1,1,-290.609,-623.629,44.962,114.686,307.634,1045.201,1045.201,3927.562,307.634,1045.201,1045.201,3927.562,307.634,1045.201,1045.201,3927.562,307.634,1045.201,1045.201,3927.562,-18.816,269.583,-457.119,79.824,615.268,615.268,5,2175850403544,False,5.000,65.000,208.000,314.000
1.933,2175850405616,7,0.533,-10.348,95.071,204.879,302.520,3,1,1,1,-81.159,-255.343,19.734,31.223,326.948,952.506,952.506,3016.608,326.948,952.506,952.506,3016.608,326.948,952.506,952.506,3016.608,326.948,952.506,952.506,3016.608,42.362,253.699,-168.251,25.479,653.896,653.896,6,2175850405560,False,0.000,93.000,203.000,301.000
1.967,2175850405616,7,0.533,-13.053,86.560,205.536,303.561,3,1,1,1,-81.159,-255.343,19.734,31.223,393.900,1053.060,1053.060,3017.608,393.900,1053.060,1053.060,3017.608,393.900,1053.060,1053.060,3017.608,393.900,1053.060,1053.060,3017.608,36.753,254.549,-168.251,25.479,787.800,787.800,7,2175850405560,False,0.000,93.000,203.000,301.000
2.000,2175850405616,7,0.533,-15.759,78.049,206.194,304.601,3,1,1,1,-81.159,-255.343,19.734,31.223,467.557,1153.647,1153.647,3018.608,467.557,1153.647,1153.647,3018.608,467.557,1153.647,1153.647,3018.608,467.557,1153.647,1153.647,3018.608,31.145,255.398,-168.251,25.479,935.114,935.114,8,2175850405560,False,0.000,93.000,203.000,301.000
2.033,2175850405616,7,0.533,-18.464,69.537,206.852,305.642,3,1,1,1,-81.159,-255.343,19.734,31.223,547.921,1254.267,1254.267,3019.608,547.921,1254.267,1254.267,3019.608,547.921,1254.267,1254.267,3019.608,547.921,1254.267,1254.267,3019.608,25.537,256.247,-168.251,25.479,1095.841,1095.841,9,2175850405560,False,0.000,93.000,203.000,301.000
