time,id,class_id,confidence,x_min,x_max,y_min,y_max,border_left,border_right,border_top,border_bottom,vx_min,vx_max,vy_min,vy_max,sigma_x_min_00,sigma_x_min_01,sigma_x_min_10,sigma_x_min_11,sigma_x_max_00,sigma_x_max_01,sigma_x_max_10,sigma_x_max_11,sigma_y_min_00,sigma_y_min_01,sigma_y_min_10,sigma_y_min_11,sigma_y_max_00,sigma_y_max_01,sigma_y_max_10,sigma_y_max_11,x_center,y_center,vx_center,vy_center,vx_center_var,vy_center_var,retention_count,body,matched,x_min_d,x_max_d,y_min_d,y_max_d
4.720,2119992653472,19,0.862,634.000,962.000,115.000,223.000,1,1,1,1,0.000,0.000,0.000,0.000,200.000,0.000,0.000,10000.000,200.000,0.000,0.000,10000.000,200.000,0.000,0.000,10000.000,200.000,0.000,0.000,10000.000,798.000,169.000,0.000,0.000,400.000,400.000,0,2119992655656,False,634.000,962.000,115.000,223.000
4.760,2119992653472,19,0.606,622.574,958.884,116.558,223.519,1,1,1,1,-21.149,-5.768,2.884,0.961,103.869,192.261,192.261,9616.477,103.869,192.261,192.261,9616.477,103.869,192.261,192.261,9616.477,103.869,192.261,192.261,9616.477,790.729,170.039,-13.458,1.923,207.739,207.739,0,2119992655656,True,612.000,956.000,118.000,224.000
4.800,2119992653472,19,0.391,615.800,952.353,117.207,222.931,1,1,1,1,-46.533,-32.746,5.170,-1.724,80.503,344.701,344.701,8623.151,80.503,344.701,344.701,8623.151,80.503,344.701,344.701,8623.151,80.503,344.701,344.701,8623.151,784.076,170.069,-39.640,1.723,161.006,161.006,0,2119992655656,True,607.000,943.000,118.000,222.000
4.840,2119992653472,19,0.656,614.341,953.300,116.878,223.672,1,1,1,1,-44.260,-19.987,2.141,2.856,75.767,428.372,428.372,7147.067,75.767,428.372,428.372,7147.067,75.767,428.372,428.372,7147.067,75.767,428.372,428.372,7147.067,783.820,170.275,-32.123,2.499,151.534,151.534,0,2119992655656,True,615.000,957.000,116.000,225.000
4.880,2119992653472,19,0.582,612.733,947.396,116.222,225.001,1,1,1,1,-43.306,-49.972,-2.221,9.995,75.611,444.226,444.226,5561.614,75.611,444.226,444.226,5561.614,75.611,444.226,444.226,5561.614,75.611,444.226,444.226,5561.614,780.065,170.611,-46.639,3.887,151.222,151.222,0,2119992655656,True,613.000,939.000,115.000,227.000
4.920,2119992653472,19,0.714,613.252,949.376,116.083,225.626,1,1,1,1,-30.812,-27.893,-2.498,11.242,75.058,416.489,416.489,4174.266,75.058,416.489,416.489,4174.266,75.058,416.489,416.489,4174.266,75.058,416.489,416.489,4174.266,781.314,170.854,-29.352,4.372,150.115,150.115,0,2119992655656,True,617.000,956.000,116.000,226.000
4.960,2119992653472,19,0.553,612.012,952.550,117.085,225.682,1,1,1,1,-30.848,-6.159,3.088,9.251,73.079,370.268,370.268,3095.083,73.079,370.268,370.268,3095.083,73.079,370.268,370.268,3095.083,73.079,370.268,370.268,3095.083,782.281,171.384,-18.504,6.170,146.157,146.157,0,2119992655656,True,612.000,960.000,119.000,225.000
5.000,2119992653472,19,0.271,609.806,950.447,117.836,225.334,1,1,1,1,-35.309,-14.674,5.963,5.956,70.025,321.084,321.084,2302.892,70.025,321.084,321.084,2302.892,70.025,321.084,321.084,2302.892,70.025,321.084,321.084,2302.892,780.126,171.585,-24.992,5.960,140.051,140.051,0,2119992655656,True,608.000,947.000,119.000,224.000
5.040,2119992653472,19,0.271,608.263,948.910,118.382,225.050,1,1,1,1,-35.852,-18.620,7.240,3.787,66.443,275.929,275.929,1733.823,66.443,275.929,275.929,1733.823,66.443,275.929,275.929,1733.823,66.443,275.929,275.929,1733.823,778.586,171.716,-27.236,5.514,132.885,132.885,0,2119992655656,True,608.000,947.000,119.000,224.000
5.080,2119992653472,19,0.271,607.196,947.800,118.775,224.825,1,1,1,1,-34.464,-20.000,7.629,2.364,62.727,236.989,236.989,1325.683,62.727,236.989,236.989,1325.683,62.727,236.989,236.989,1325.683,62.727,236.989,236.989,1325.683,777.498,171.800,-27.232,4.996,125.455,125.455,0,2119992655656,True,608.000,947.000,119.000,224.000
5.120,2119992653472,19,0.271,606.462,947.000,119.056,224.647,1,1,1,1,-32.234,-20.000,7.548,1.425,59.109,204.303,204.303,1030.427,59.109,204.303,204.303,1030.427,59.109,204.303,204.303,1030.427,59.109,204.303,204.303,1030.427,776.731,171.852,-26.117,4.486,118.218,118.218,0,2119992655656,True,608.000,947.000,119.000,224.000
5.160,2119992653472,19,0.271,605.960,946.423,119.258,224.508,1,1,1,1,-29.730,-19.291,7.231,0.801,55.701,177.142,177.142,813.967,55.701,177.142,177.142,813.967,55.701,177.142,177.142,813.967,55.701,177.142,177.142,813.967,776.192,171.883,-24.511,4.016,111.402,111.402,0,2119992655656,True,608.000,947.000,119.000,224.000
5.200,2119992653472,19,0.271,605.620,946.005,119.404,224.398,1,1,1,1,-27.234,-18.248,6.807,0.383,52.548,154.604,154.604,652.865,52.548,154.604,154.604,652.865,52.548,154.604,154.604,652.865,52.548,154.604,154.604,652.865,775.812,171.901,-22.741,3.595,105.096,105.096,0,2119992655656,True,608.000,947.000,119.000,224.000
5.240,2119992653472,19,0.299,604.895,940.241,118.515,224.311,1,1,1,1,-26.236,-32.020,3.631,0.102,49.658,135.847,135.847,531.114,49.658,135.847,135.847,531.114,49.658,135.847,135.847,531.114,49.658,135.847,135.847,531.114,772.568,171.413,-29.128,1.867,99.317,99.317,0,2119992655656,True,606.000,925.000,115.000,224.000
5.280,2119992653472,19,0.345,606.703,931.446,119.210,224.241,1,1,1,1,-18.934,-51.221,5.037,-0.087,47.022,120.158,120.158,437.735,47.022,120.158,120.158,437.735,47.022,120.158,120.158,437.735,47.022,120.158,120.158,437.735,769.075,171.726,-35.078,2.475,94.045,94.045,0,2119992655656,True,616.000,907.000,121.000,224.000
5.320,2119992653472,19,0.345,608.189,924.400,119.766,224.184,1,1,1,1,-13.557,-63.199,5.886,-0.214,44.621,106.953,106.953,365.115,44.621,106.953,106.953,365.115,44.621,106.953,106.953,365.115,44.621,106.953,106.953,365.115,766.295,171.975,-38.378,2.836,89.242,89.242,0,2119992655656,True,616.000,907.000,121.000,224.000
5.360,2119992653472,19,0.300,613.026,916.383,119.153,222.229,1,1,1,1,-1.417,-75.587,3.970,-4.608,42.434,95.767,95.767,307.909,42.434,95.767,95.767,307.909,42.434,95.767,95.767,307.909,42.434,95.767,95.767,307.909,764.705,170.691,-38.502,-0.319,84.868,84.868,0,2119992655656,True,633.000,896.000,116.000,215.000
5.400,2119992653472,19,0.300,617.019,909.850,118.642,220.620,1,1,1,1,7.219,-83.072,2.542,-7.645,40.439,86.229,86.229,262.310,40.439,86.229,86.229,262.310,40.439,86.229,86.229,262.310,40.439,86.229,86.229,262.310,763.434,169.631,-37.926,-2.551,80.878,80.878,0,2119992655656,True,633.000,896.000,116.000,215.000
5.440,2119992653472,19,0.300,620.338,904.494,118.214,219.288,1,1,1,1,13.342,-87.180,1.472,-9.719,38.617,78.046,78.046,225.566,38.617,78.046,78.046,225.566,38.617,78.046,78.046,225.566,38.617,78.046,78.046,225.566,762.416,168.751,-36.919,-4.124,77.233,77.233,0,2119992655656,True,633.000,896.000,116.000,215.000
5.480,2119992653472,19,0.320,621.634,901.560,116.190,219.103,1,1,1,1,14.808,-86.117,-2.529,-9.329,36.948,70.984,70.984,195.663,36.948,70.984,70.984,195.663,36.948,70.984,70.984,195.663,36.948,70.984,70.984,195.663,761.597,167.647,-35.655,-5.929,73.897,73.897,0,2119992655656,True,625.000,904.000,107.000,220.000
5.520,2119992653472,19,0.324,623.072,897.918,115.011,218.601,1,1,1,1,16.355,-86.479,-4.504,-9.565,35.418,64.854,64.854,171.108,35.418,64.854,64.854,171.108,35.418,64.854,64.854,171.108,35.418,64.854,64.854,171.108,760.495,166.806,-35.062,-7.034,70.836,70.836,0,2119992655656,True,627.000,897.000,110.000,218.000
5.560,2119992653472,19,0.313,626.834,891.660,114.009,218.691,1,1,1,1,21.792,-91.376,-5.941,-8.737,34.011,59.505,59.505,150.776,34.011,59.505,59.505,150.776,34.011,59.505,59.505,150.776,34.011,59.505,59.505,150.776,759.247,166.350,-34.792,-7.339,68.023,68.023,0,2119992655656,True,642.000,878.000,110.000,221.000
5.600,2119992653472,19,0.313,630.044,886.368,113.155,218.776,1,1,1,1,25.710,-94.118,-6.974,-8.009,32.715,54.816,54.816,133.814,32.715,54.816,54.816,133.814,32.715,54.816,54.816,133.814,32.715,54.816,54.816,133.814,758.206,165.965,-34.204,-7.492,65.430,65.430,0,2119992655656,True,642.000,878.000,110.000,221.000
5.640,2119992653472,19,0.313,632.794,881.878,112.422,218.857,1,1,1,1,28.480,-95.285,-7.703,-7.364,31.518,50.687,50.687,119.565,31.518,50.687,50.687,119.565,31.518,50.687,50.687,119.565,31.518,50.687,50.687,119.565,757.336,165.640,-33.402,-7.534,63.037,63.037,0,2119992655656,True,642.000,878.000,110.000,221.000
5.680,2119992653472,19,0.313,635.160,878.056,111.793,218.933,1,1,1,1,30.377,-95.300,-8.200,-6.791,30.411,47.035,47.035,107.520,30.411,47.035,47.035,107.520,30.411,47.035,47.035,107.520,30.411,47.035,47.035,107.520,756.608,165.363,-32.462,-7.496,60.822,60.822,0,2119992655656,True,642.000,878.000,110.000,221.000
5.720,2119992653472,19,0.313,637.202,874.796,111.250,219.005,1,1,1,1,31.608,-94.478,-8.521,-6.279,29.385,43.793,43.793,97.279,29.385,43.793,43.793,97.279,29.385,43.793,43.793,97.279,29.385,43.793,43.793,97.279,755.999,165.127,-31.435,-7.400,58.770,58.770,0,2119992655656,True,642.000,878.000,110.000,221.000
5.760,2119992653472,19,0.364,632.287,876.843,111.064,219.215,1,1,1,1,22.718,-86.096,-8.298,-5.615,28.432,40.905,40.905,88.527,28.432,40.905,40.905,88.527,28.432,40.905,40.905,88.527,28.432,40.905,40.905,88.527,754.565,165.140,-31.689,-6.956,56.865,56.865,0,2119992655656,True,595.000,912.000,112.000,222.000
5.800,2119992653472,19,0.310,624.905,881.333,110.493,219.818,1,1,1,1,11.184,-75.058,-8.630,-4.463,27.546,38.325,38.325,81.009,27.546,38.325,38.325,81.009,27.546,38.325,38.325,81.009,27.546,38.325,38.325,81.009,753.119,165.156,-31.937,-6.547,55.093,55.093,0,2119992655656,True,573.000,931.000,109.000,225.000
5.840,2119992653472,19,0.310,618.357,885.368,109.995,220.356,1,1,1,1,1.757,-65.575,-8.837,-3.498,26.721,36.012,36.012,74.525,26.721,36.012,36.012,74.525,26.721,36.012,36.012,74.525,26.721,36.012,36.012,74.525,751.862,165.175,-31.909,-6.167,53.442,53.442,0,2119992655656,True,573.000,931.000,109.000,225.000
5.880,2119992653472,19,0.310,612.533,889.006,109.558,220.837,1,1,1,1,-5.950,-57.387,-8.945,-2.687,25.952,33.933,33.933,68.910,25.952,33.933,33.933,68.910,25.952,33.933,33.933,68.910,25.952,33.933,33.933,68.910,750.770,165.197,-31.669,-5.816,51.904,51.904,0,2119992655656,True,573.000,931.000,109.000,225.000
5.920,2119992653472,19,0.297,607.463,895.453,109.806,221.521,1,1,1,1,-12.089,-46.280,-8.176,-1.681,25.233,32.061,32.061,64.028,25.233,32.061,32.061,64.028,25.233,32.061,32.061,64.028,25.233,32.061,32.061,64.028,751.458,165.663,-29.185,-4.929,50.467,50.467,0,2119992655656,True,574.000,956.000,114.000,227.000
5.960,2119992653472,19,0.300,601.579,901.633,110.034,222.257,1,1,1,1,-18.767,-36.349,-7.489,-0.687,24.562,30.370,30.370,59.771,24.562,30.370,30.370,59.771,24.562,30.370,30.370,59.771,24.562,30.370,30.370,59.771,751.606,166.146,-27.558,-4.088,49.124,49.124,0,2119992655656,True,563.000,959.000,114.000,228.000
6.000,2119992653472,19,0.481,595.703,907.697,111.202,223.997,1,1,1,1,-24.943,-27.290,-5.721,1.443,23.934,28.840,28.840,56.047,23.934,28.840,28.840,56.047,23.934,28.840,28.840,56.047,23.934,28.840,28.840,56.047,751.700,167.600,-26.117,-2.139,47.867,47.867,0,2119992655656,True,558.000,963.000,122.000,237.000
6.040,2119992653472,19,0.547,590.187,912.955,112.261,225.683,1,1,1,1,-30.256,-19.824,-4.207,3.357,23.345,27.454,27.454,52.780,23.345,27.454,27.454,52.780,23.345,27.454,27.454,52.780,23.345,27.454,27.454,52.780,751.571,168.972,-25.040,-0.425,46.691,46.691,0,2119992655656,True,556.000,961.000,122.000,238.000
6.080,2119992653472,19,0.573,588.296,918.298,113.335,227.320,1,1,1,1,-31.039,-12.772,-2.778,5.084,22.794,26.196,26.196,49.908,22.794,26.196,26.196,49.908,22.794,26.196,26.196,49.908,22.794,26.196,26.196,49.908,753.297,170.327,-21.906,1.153,45.588,45.588,0,2119992655656,True,583.000,966.000,123.000,239.000
6.120,2119992653472,19,0.509,587.048,923.157,114.090,228.467,1,1,1,1,-31.046,-6.733,-1.804,6.145,22.277,25.052,25.052,47.376,22.277,25.052,25.052,47.376,22.277,25.052,25.052,47.376,22.277,25.052,25.052,47.376,755.103,171.279,-18.889,2.170,44.555,44.555,0,2119992655656,True,587.000,966.000,121.000,236.000
6.160,2119992653472,19,0.397,585.065,924.752,114.343,229.398,1,1,1,1,-31.863,-4.679,-1.447,6.900,21.792,24.011,24.011,45.141,21.792,24.011,24.011,45.141,21.792,24.011,24.011,45.141,21.792,24.011,24.011,45.141,754.908,171.871,-18.271,2.727,43.585,43.585,0,2119992655656,True,579.000,940.000,117.000,235.000
6.200,2119992653472,19,0.540,583.066,928.666,114.682,230.989,1,1,1,1,-32.646,-0.247,-1.018,8.322,21.337,23.062,23.062,43.165,21.337,23.062,23.062,43.165,21.337,23.062,23.062,43.165,21.337,23.062,23.062,43.165,755.866,172.835,-16.446,3.652,42.674,42.674,0,2119992655656,True,577.000,963.000,118.000,242.000
6.240,2119992653472,19,0.457,582.830,932.978,115.201,232.125,1,1,1,1,-31.510,4.342,-0.423,9.174,20.910,22.197,22.197,41.413,20.910,22.197,22.197,41.413,20.910,22.197,22.197,41.413,20.910,22.197,22.197,41.413,757.904,173.663,-13.584,4.375,41.820,41.820,0,2119992655656,True,592.000,970.000,120.000,239.000
6.280,2119992653472,19,0.334,581.819,934.572,115.575,233.056,1,1,1,1,-31.249,5.824,-0.015,9.763,20.509,21.408,21.408,39.860,20.509,21.408,21.408,39.860,20.509,21.408,21.408,39.860,20.509,21.408,21.408,39.860,758.196,174.316,-12.713,4.874,41.017,41.017,0,2119992655656,True,584.000,947.000,119.000,238.000
6.320,2119992653472,19,0.413,581.619,933.919,115.920,234.006,1,1,1,1,-30.171,4.914,0.339,10.338,20.132,20.687,20.687,38.481,20.132,20.687,20.687,38.481,20.132,20.687,20.687,38.481,20.132,20.687,20.687,38.481,757.769,174.963,-12.629,5.338,40.263,40.263,0,2119992655656,True,591.000,926.000,119.000,239.000
6.360,2119992653472,19,0.555,580.767,935.093,116.236,234.971,1,1,1,1,-29.811,5.903,0.646,10.896,19.778,20.028,20.028,37.255,19.778,20.028,20.028,37.255,19.778,20.028,20.028,37.255,19.778,20.028,20.028,37.255,757.930,175.604,-11.954,5.771,39.556,39.556,0,2119992655656,True,584.000,944.000,119.000,240.000
6.400,2119992653472,19,0.481,579.227,935.880,116.431,235.562,1,1,1,1,-30.159,6.454,0.815,11.051,19.445,19.426,19.426,36.165,19.445,19.426,19.426,36.165,19.445,19.426,19.426,36.165,19.445,19.426,19.426,36.165,757.554,175.997,-11.852,5.933,38.891,38.891,0,2119992655656,True,576.000,941.000,118.000,237.000
6.440,2119992653472,19,0.436,577.636,935.360,116.515,236.004,1,1,1,1,-30.538,5.686,0.866,11.051,19.133,18.876,18.876,35.195,19.133,18.876,18.876,35.195,19.133,18.876,18.876,35.195,19.133,18.876,18.876,35.195,756.498,176.259,-12.426,5.958,38.267,38.267,0,2119992655656,True,574.000,928.000,117.000,236.000
6.480,2119992653472,19,0.457,577.223,934.307,116.592,236.404,1,1,1,1,-29.749,4.438,0.907,11.010,18.840,18.373,18.373,34.332,18.840,18.373,18.373,34.332,18.840,18.373,18.373,34.332,18.840,18.373,18.373,34.332,755.765,176.498,-12.656,5.959,37.681,37.681,0,2119992655656,True,585.000,922.000,117.000,236.000
6.520,2119992653472,19,0.379,575.845,935.182,116.385,236.673,1,1,1,1,-29.931,5.111,0.672,10.845,18.565,17.913,17.913,33.563,18.565,17.913,17.913,33.563,18.565,17.913,17.913,33.563,18.565,17.913,17.913,33.563,755.514,176.529,-12.410,5.758,37.131,37.131,0,2119992655656,True,574.000,942.000,114.000,235.000
6.560,2119992653472,19,0.257,574.222,937.457,116.191,237.463,1,1,1,1,-30.338,7.089,0.461,11.185,18.307,17.493,17.493,32.879,18.307,17.493,17.493,32.879,18.307,17.493,17.493,32.879,18.307,17.493,17.493,32.879,755.839,176.827,-11.624,5.823,36.615,36.615,0,2119992655656,True,570.000,958.000,114.000,241.000
6.600,2119992653472,19,0.350,573.550,939.390,116.371,238.190,1,1,1,1,-29.825,8.651,0.614,11.450,18.066,17.109,17.109,32.270,18.066,17.109,17.109,32.270,18.066,17.109,17.109,32.270,18.066,17.109,17.109,32.270,756.470,177.280,-10.587,6.032,36.131,36.131,0,2119992655656,True,579.000,956.000,118.000,241.000
6.640,2119992653472,19,0.430,572.771,940.830,116.539,239.036,1,1,1,1,-29.436,9.679,0.748,11.814,17.839,16.759,16.759,31.728,17.839,16.759,16.759,31.728,17.839,16.759,16.759,31.728,17.839,16.759,16.759,31.728,756.800,177.787,-9.879,6.281,35.678,35.678,0,2119992655656,True,577.000,952.000,118.000,243.000
6.680,2119992653472,19,0.411,571.629,941.198,116.871,239.816,1,1,1,1,-29.403,9.661,1.031,12.101,17.627,16.439,16.439,31.247,17.627,16.439,16.439,31.247,17.627,16.439,16.439,31.247,17.627,16.439,16.439,31.247,756.413,178.343,-9.871,6.566,35.254,35.254,0,2119992655656,True,572.000,941.000,120.000,243.000
6.720,2119992653472,19,0.381,571.372,940.400,117.268,240.361,1,1,1,1,-28.551,8.564,1.361,12.158,17.428,16.148,16.148,30.818,17.428,16.148,16.148,30.818,17.428,16.148,16.148,30.818,17.428,16.148,16.148,30.818,755.886,178.815,-9.994,6.759,34.857,34.857,0,2119992655656,True,581.000,928.000,121.000,241.000
6.760,2119992653472,19,0.377,571.417,939.472,117.640,240.257,1,1,1,1,-27.458,7.393,1.653,11.614,17.243,15.882,15.882,30.438,17.243,15.882,15.882,30.438,17.243,15.882,15.882,30.438,17.243,15.882,15.882,30.438,755.445,178.948,-10.032,6.633,34.485,34.485,0,2119992655656,True,584.000,926.000,121.000,234.000
6.800,2119992653472,19,0.296,570.548,937.739,118.072,239.807,1,1,1,1,-27.248,5.535,1.988,10.776,17.069,15.640,15.640,30.101,17.069,15.640,15.640,30.101,17.069,15.640,15.640,30.101,17.069,15.640,15.640,30.101,754.143,178.939,-10.857,6.382,34.138,34.138,0,2119992655656,True,573.000,916.000,122.000,230.000
6.840,2119992653472,19,0.296,569.757,936.104,118.477,239.372,1,1,1,1,-26.975,3.842,2.285,9.986,16.907,15.420,15.420,29.802,16.907,15.420,15.420,29.802,16.907,15.420,15.420,29.802,16.907,15.420,15.420,29.802,752.931,178.925,-11.567,6.136,33.815,33.815,0,2119992655656,True,573.000,916.000,122.000,230.000
6.880,2119992653472,19,0.296,569.040,934.561,118.856,238.953,1,1,1,1,-26.646,2.300,2.546,9.243,16.756,15.220,15.220,29.538,16.756,15.220,15.220,29.538,16.756,15.220,15.220,29.538,16.756,15.220,15.220,29.538,751.800,178.905,-12.173,5.894,33.513,33.513,0,2119992655656,True,573.000,916.000,122.000,230.000
6.920,2119992653472,19,0.296,568.392,933.103,119.211,238.548,1,1,1,1,-26.268,0.897,2.775,8.542,16.616,15.039,15.039,29.305,16.616,15.039,15.039,29.305,16.616,15.039,15.039,29.305,16.616,15.039,15.039,29.305,750.747,178.879,-12.686,5.658,33.231,33.231,0,2119992655656,True,573.000,916.000,122.000,230.000
6.960,2119992653472,19,0.296,567.808,931.726,119.542,238.157,1,1,1,1,-25.847,-0.377,2.974,7.880,16.485,14.875,14.875,29.099,16.485,14.875,14.875,29.099,16.485,14.875,14.875,29.099,16.485,14.875,14.875,29.099,749.767,178.850,-13.112,5.427,32.970,32.970,0,2119992655656,True,573.000,916.000,122.000,230.000
7.000,2119992653472,19,0.296,567.283,930.426,119.853,237.779,1,1,1,1,-25.389,-1.534,3.146,7.257,16.363,14.727,14.727,28.918,16.363,14.727,14.727,28.918,16.363,14.727,14.727,28.918,16.363,14.727,14.727,28.918,748.854,178.816,-13.462,5.201,32.727,32.727,0,2119992655656,True,573.000,916.000,122.000,230.000
7.040,2119992653472,19,0.296,566.815,929.197,120.143,237.414,1,1,1,1,-24.898,-2.582,3.294,6.668,16.251,14.593,14.593,28.759,16.251,14.593,14.593,28.759,16.251,14.593,14.593,28.759,16.251,14.593,14.593,28.759,748.006,178.778,-13.740,4.981,32.501,32.501,0,2119992655656,True,573.000,916.000,122.000,230.000
7.080,2119992653472,19,0.296,566.399,928.037,120.414,237.060,1,1,1,1,-24.378,-3.530,3.419,6.112,16.146,14.472,14.472,28.620,16.146,14.472,14.472,28.620,16.146,14.472,14.472,28.620,16.146,14.472,14.472,28.620,747.218,178.737,-13.954,4.765,32.292,32.292,0,2119992655656,True,573.000,916.000,122.000,230.000
7.120,2119992653472,19,0.296,566.031,926.941,120.667,236.719,1,1,1,1,-23.834,-4.384,3.523,5.587,16.049,14.364,14.364,28.498,16.049,14.364,14.364,28.498,16.049,14.364,14.364,28.498,16.049,14.364,14.364,28.498,746.486,178.693,-14.109,4.555,32.099,32.099,0,2119992655656,True,573.000,916.000,122.000,230.000
7.160,2119992653472,19,0.296,565.710,925.906,120.903,236.388,1,1,1,1,-23.269,-5.152,3.608,5.092,15.960,14.267,14.267,28.392,15.960,14.267,14.267,28.392,15.960,14.267,14.267,28.392,15.960,14.267,14.267,28.392,745.808,178.646,-14.211,4.350,31.920,31.920,0,2119992655656,True,573.000,916.000,122.000,230.000
7.200,2119992653472,19,0.262,564.400,928.344,121.917,238.847,1,1,1,1,-23.608,-2.791,4.384,7.106,15.878,14.180,14.180,28.300,15.878,14.180,14.180,28.300,15.878,14.180,14.180,28.300,15.878,14.180,14.180,28.300,746.372,180.382,-13.200,5.745,31.755,31.755,0,2119992655656,True,560.000,959.000,132.000,265.000
7.240,2119992653472,19,0.408,563.183,930.347,122.717,241.096,1,1,1,1,-23.851,-0.904,4.942,8.860,15.802,14.102,14.102,28.220,15.802,14.102,14.102,28.220,15.802,14.102,14.102,28.220,15.802,14.102,14.102,28.220,746.765,181.907,-12.378,6.901,31.603,31.603,0,2119992655656,True,560.000,955.000,130.000,264.000
7.280,2119992653472,19,0.419,562.211,926.904,123.393,243.460,1,1,1,1,-23.867,-3.943,5.369,10.652,15.732,14.033,14.033,28.152,15.732,14.033,14.033,28.152,15.732,14.033,14.033,28.152,15.732,14.033,14.033,28.152,744.557,183.427,-13.905,8.011,31.464,31.464,0,2119992655656,True,562.000,887.000,129.000,267.000
7.320,2119992653472,19,0.277,560.609,920.108,124.030,245.854,1,1,1,1,-24.444,-9.863,5.746,12.407,15.668,13.971,13.971,28.093,15.668,13.971,13.971,28.093,15.668,13.971,13.971,28.093,15.668,13.971,13.971,28.093,740.358,184.942,-17.154,9.076,31.336,31.336,0,2119992655656,True,553.000,842.000,129.000,269.000
7.360,2119992653472,19,0.277,559.114,913.648,124.630,248.118,1,1,1,1,-24.906,-15.270,6.075,13.983,15.609,13.917,13.917,28.043,15.609,13.917,13.917,28.043,15.609,13.917,13.917,28.043,15.609,13.917,13.917,28.043,736.381,186.374,-20.088,10.029,31.218,31.218,0,2119992655656,True,553.000,842.000,129.000,269.000
7.400,2119992653472,19,0.277,557.720,907.512,125.194,250.258,1,1,1,1,-25.260,-20.196,6.362,15.392,15.555,13.869,13.869,28.000,15.555,13.869,13.869,28.000,15.555,13.869,13.869,28.000,15.555,13.869,13.869,28.000,732.616,187.726,-22.728,10.877,31.111,31.111,0,2119992655656,True,553.000,842.000,129.000,269.000
7.440,2119992653472,19,0.325,557.274,903.548,126.189,252.511,1,1,1,1,-24.756,-23.011,7.022,16.853,15.506,13.827,13.827,27.963,15.506,13.827,13.827,27.963,15.506,13.827,13.827,27.963,15.506,13.827,13.827,27.963,730.411,189.350,-23.883,11.937,31.013,31.013,0,2119992655656,True,564.000,866.000,135.000,272.000
7.480,2119992653472,19,0.310,556.958,904.821,127.284,254.176,1,1,1,1,-24.155,-21.054,7.748,17.736,15.462,13.790,13.790,27.933,15.462,13.790,13.790,27.933,15.462,13.790,13.790,27.933,15.462,13.790,13.790,27.933,730.890,190.730,-22.605,12.742,30.924,30.924,0,2119992655656,True,565.000,931.000,137.000,266.000
7.520,2119992653472,19,0.404,557.303,908.299,128.165,255.666,1,1,1,1,-22.985,-17.201,8.257,18.432,15.421,13.758,13.758,27.908,15.421,13.758,13.758,27.908,15.421,13.758,13.758,27.908,15.421,13.758,13.758,27.908,732.801,191.915,-20.093,13.345,30.843,30.843,0,2119992655656,True,573.000,960.000,135.000,265.000
7.560,2119992653472,19,0.477,556.277,911.333,128.765,256.987,1,1,1,1,-23.080,-13.879,8.498,18.953,15.385,13.730,13.730,27.886,15.385,13.730,13.730,27.886,15.385,13.730,13.730,27.886,15.385,13.730,13.730,27.886,733.805,192.876,-18.480,13.726,30.769,30.769,0,2119992655656,True,555.000,956.000,132.000,264.000
7.600,2119992653472,19,0.663,555.864,914.709,129.557,258.302,1,1,1,1,-22.625,-10.369,8.902,19.451,15.351,13.706,13.706,27.869,15.351,13.706,13.706,27.869,15.351,13.706,13.706,27.869,15.351,13.706,13.706,27.869,735.287,193.930,-16.497,14.176,30.703,30.703,0,2119992655656,True,562.000,962.000,135.000,265.000
7.640,2119992653472,19,0.555,554.962,916.800,130.227,259.380,1,1,1,1,-22.622,-8.131,9.182,19.719,15.321,13.685,13.685,27.855,15.321,13.685,13.685,27.855,15.321,13.685,13.685,27.855,15.321,13.685,13.685,27.855,735.881,194.803,-15.376,14.450,30.643,30.643,0,2119992655656,True,555.000,947.000,134.000,263.000
7.680,2119992653472,19,0.416,553.594,918.274,130.625,260.539,1,1,1,1,-23.036,-6.523,9.209,20.049,15.294,13.668,13.668,27.844,15.294,13.668,13.668,27.844,15.294,13.668,13.668,27.844,15.294,13.668,13.668,27.844,735.934,195.582,-14.780,14.629,30.588,30.588,0,2119992655656,True,548.000,940.000,131.000,265.000
7.720,2119992653472,19,0.361,552.163,919.768,131.070,261.620,1,1,1,1,-23.492,-4.954,9.278,20.299,15.270,13.653,13.653,27.835,15.270,13.653,13.653,27.835,15.270,13.653,13.653,27.835,15.270,13.653,13.653,27.835,735.966,196.345,-14.223,14.788,30.540,30.540,0,2119992655656,True,546.000,941.000,132.000,265.000
7.760,2119992653472,19,0.364,551.893,916.172,131.636,262.933,1,1,1,1,-22.893,-7.993,9.453,20.747,15.248,13.641,13.641,27.827,15.248,13.641,13.641,27.827,15.248,13.641,13.641,27.827,15.248,13.641,13.641,27.827,734.032,197.284,-15.443,15.100,30.497,30.497,0,2119992655656,True,560.000,875.000,134.000,269.000
7.800,2119992653472,19,0.446,552.045,910.457,132.318,264.314,1,1,1,1,-21.938,-12.822,9.724,21.240,15.229,13.630,13.630,27.822,15.229,13.630,13.630,27.822,15.229,13.630,13.630,27.822,15.229,13.630,13.630,27.822,731.251,198.316,-17.380,15.482,30.458,30.458,0,2119992655656,True,565.000,845.000,136.000,271.000
7.840,2119992653472,19,0.347,550.774,905.385,132.805,265.607,1,1,1,1,-22.289,-16.905,9.812,21.637,15.212,13.622,13.622,27.818,15.212,13.622,13.622,27.818,15.212,13.622,13.622,27.818,15.212,13.622,13.622,27.818,728.080,199.206,-19.597,15.725,30.423,30.423,0,2119992655656,True,546.000,850.000,134.000,271.000
7.880,2119992653472,19,0.568,550.120,900.020,133.639,266.893,1,1,1,1,-22.077,-21.106,10.207,22.014,15.196,13.615,13.615,27.815,15.196,13.615,13.615,27.815,15.196,13.615,13.615,27.815,15.196,13.615,13.615,27.815,725.070,200.266,-21.591,16.110,30.393,30.393,0,2119992655656,True,553.000,843.000,139.000,272.000
7.920,2119992653472,19,0.581,548.687,895.063,134.347,268.018,1,1,1,1,-22.570,-24.792,10.476,22.233,15.183,13.610,13.610,27.813,15.183,13.610,13.610,27.813,15.183,13.610,13.610,27.813,15.183,13.610,13.610,27.813,721.875,201.183,-23.681,16.355,30.365,30.365,0,2119992655656,True,542.000,845.000,138.000,271.000
7.960,2119992653472,19,0.581,547.346,890.349,135.011,269.066,1,1,1,1,-22.963,-28.130,10.696,22.376,15.171,13.605,13.605,27.811,15.171,13.605,13.605,27.811,15.171,13.605,13.605,27.811,15.171,13.605,13.605,27.811,718.847,202.039,-25.547,16.536,30.341,30.341,0,2119992655656,True,542.000,845.000,138.000,271.000
8.000,2119992653472,19,0.328,546.243,886.781,135.633,270.495,1,1,1,1,-23.128,-30.322,10.870,22.854,15.160,13.602,13.602,27.810,15.160,13.602,13.602,27.810,15.160,13.602,13.602,27.810,15.160,13.602,13.602,27.810,716.512,203.064,-26.725,16.862,30.321,30.321,0,2119992655656,True,544.000,857.000,138.000,277.000
8.040,2119992653472,19,0.648,545.748,884.162,136.063,272.060,1,1,1,1,-22.742,-31.585,10.866,23.439,15.151,13.600,13.600,27.810,15.151,13.600,13.600,27.810,15.151,13.600,13.600,27.810,15.151,13.600,13.600,27.810,714.955,204.061,-27.163,17.152,30.302,30.302,0,2119992655656,True,551.000,867.000,136.000,280.000
8.080,2119992653472,19,0.530,544.775,882.906,136.536,273.830,1,1,1,1,-22.799,-31.578,10.900,24.187,15.143,13.598,13.598,27.809,15.143,13.598,13.598,27.809,15.143,13.598,13.598,27.809,15.143,13.598,13.598,27.809,713.841,205.183,-27.188,17.543,30.286,30.286,0,2119992655656,True,544.000,883.000,137.000,284.000
8.120,2119992653472,19,0.498,544.252,880.913,137.352,275.419,1,1,1,1,-22.450,-32.233,11.242,24.744,15.136,13.597,13.597,27.809,15.136,13.597,13.597,27.809,15.136,13.597,13.597,27.809,15.136,13.597,13.597,27.809,712.583,206.385,-27.341,17.993,30.272,30.272,0,2119992655656,True,549.000,872.000,142.000,283.000
8.160,2119992653472,19,0.433,543.857,876.475,138.119,276.529,1,1,1,1,-21.998,-35.063,11.527,24.852,15.130,13.597,13.597,27.809,15.130,13.597,13.597,27.809,15.130,13.597,13.597,27.809,15.130,13.597,13.597,27.809,710.166,207.324,-28.530,18.190,30.260,30.260,0,2119992655656,True,550.000,838.000,142.000,278.000
8.200,2119992653472,19,0.296,543.659,871.210,138.990,277.937,1,1,1,1,-21.384,-38.535,11.896,25.225,15.125,13.597,13.597,27.809,15.125,13.597,13.597,27.809,15.125,13.597,13.597,27.809,15.125,13.597,13.597,27.809,707.435,208.464,-29.960,18.560,30.250,30.250,0,2119992655656,True,552.000,824.000,144.000,283.000
8.240,2119992653472,19,0.268,544.104,866.443,139.507,279.253,1,1,1,1,-20.215,-41.436,11.932,25.500,15.121,13.597,13.597,27.809,15.121,13.597,13.597,27.809,15.121,13.597,13.597,27.809,15.121,13.597,13.597,27.809,705.273,209.380,-30.826,18.716,30.241,30.241,0,2119992655656,True,560.000,827.000,140.000,283.000
8.280,2119992653472,19,0.277,543.651,863.366,139.683,280.554,1,1,1,1,-19.895,-42.713,11.661,25.754,15.117,13.598,13.598,27.809,15.117,13.598,13.598,27.809,15.117,13.598,13.598,27.809,15.117,13.598,13.598,27.809,703.508,210.119,-31.304,18.707,30.234,30.234,0,2119992655656,True,548.000,846.000,136.000,284.000
8.320,2119992653472,19,0.273,542.942,861.381,139.836,281.616,1,1,1,1,-19.818,-42.962,11.379,25.782,15.114,13.598,13.598,27.809,15.114,13.598,13.598,27.809,15.114,13.598,13.598,27.809,15.114,13.598,13.598,27.809,702.161,210.726,-31.390,18.581,30.227,30.227,0,2119992655656,True,544.000,858.000,136.000,282.000
8.360,2119992653472,19,0.273,542.289,859.537,139.967,282.598,1,1,1,1,-19.692,-43.075,11.087,25.738,15.111,13.599,13.599,27.809,15.111,13.599,13.599,27.809,15.111,13.599,13.599,27.809,15.111,13.599,13.599,27.809,700.913,211.282,-31.383,18.413,30.222,30.222,0,2119992655656,True,544.000,858.000,136.000,282.000
8.400,2119992653472,19,0.273,541.690,857.828,140.077,283.505,1,1,1,1,-19.522,-43.062,10.787,25.627,15.109,13.600,13.600,27.808,15.109,13.600,13.600,27.808,15.109,13.600,13.600,27.808,15.109,13.600,13.600,27.808,699.759,211.791,-31.292,18.207,30.218,30.218,0,2119992655656,True,544.000,858.000,136.000,282.000
8.440,2119992653472,19,0.297,540.387,857.079,140.772,284.414,1,1,1,1,-19.992,-42.185,11.025,25.523,15.107,13.601,13.601,27.808,15.107,13.601,13.601,27.808,15.107,13.601,13.601,27.808,15.107,13.601,13.601,27.808,698.733,212.593,-31.088,18.274,30.214,30.214,0,2119992655656,True,534.000,869.000,144.000,283.000
8.480,2119992653472,19,0.256,539.694,856.797,141.348,285.327,1,1,1,1,-19.896,-40.920,11.146,25.426,15.105,13.602,13.602,27.807,15.105,13.602,13.602,27.807,15.105,13.602,13.602,27.807,15.105,13.602,13.602,27.807,698.246,213.337,-30.408,18.286,30.211,30.211,0,2119992655656,True,541.000,874.000,143.000,284.000
8.520,2119992653472,19,0.587,539.435,856.055,141.734,286.016,1,1,1,1,-19.413,-40.114,11.092,25.130,15.104,13.603,13.603,27.806,15.104,13.603,13.603,27.806,15.104,13.603,13.603,27.806,15.104,13.603,13.603,27.806,697.745,213.875,-29.763,18.111,30.209,30.209,0,2119992655656,True,546.000,867.000,141.000,282.000
8.560,2119992653472,19,0.497,538.986,855.096,142.391,286.717,1,1,1,1,-19.117,-39.533,11.284,24.857,15.103,13.604,13.604,27.805,15.103,13.604,13.604,27.805,15.103,13.604,13.604,27.805,15.103,13.604,13.604,27.805,697.041,214.554,-29.325,18.071,30.207,30.207,0,2119992655656,True,543.000,863.000,145.000,283.000
8.600,2119992653472,19,0.351,538.658,852.418,142.930,287.129,1,1,1,1,-18.724,-40.520,11.363,24.332,15.103,13.605,13.605,27.804,15.103,13.605,13.605,27.804,15.103,13.605,13.605,27.804,15.103,13.605,13.605,27.804,695.538,215.029,-29.622,17.848,30.205,30.205,0,2119992655656,True,544.000,839.000,144.000,280.000
8.640,2119992653472,19,0.351,538.369,849.907,143.431,287.491,1,1,1,1,-18.310,-41.323,11.405,23.781,15.102,13.606,13.606,27.803,15.102,13.606,13.606,27.803,15.102,13.606,13.606,27.803,15.102,13.606,13.606,27.803,694.138,215.461,-29.816,17.593,30.204,30.204,0,2119992655656,True,544.000,839.000,144.000,280.000
8.680,2119992653472,19,0.284,536.758,852.539,143.669,288.409,1,1,1,1,-19.101,-37.462,11.209,23.751,15.102,13.607,13.607,27.801,15.102,13.607,13.607,27.801,15.102,13.607,13.607,27.801,15.102,13.607,13.607,27.801,694.648,216.039,-28.282,17.480,30.203,30.203,0,2119992655656,True,526.000,905.000,141.000,288.000
8.720,2119992653472,19,0.332,535.315,855.341,143.957,289.634,1,1,1,1,-19.713,-33.587,11.064,23.999,15.101,13.608,13.608,27.800,15.101,13.608,13.608,27.800,15.101,13.608,13.608,27.800,15.101,13.608,13.608,27.800,695.328,216.795,-26.650,17.532,30.202,30.202,0,2119992655656,True,527.000,908.000,142.000,293.000
8.760,2119992653472,19,0.414,533.807,858.226,144.068,290.473,1,1,1,1,-20.361,-29.776,10.765,23.890,15.101,13.608,13.608,27.798,15.101,13.608,13.608,27.798,15.101,13.608,13.608,27.798,15.101,13.608,13.608,27.798,696.016,217.270,-25.069,17.328,30.202,30.202,0,2119992655656,True,525.000,910.000,140.000,289.000
8.800,2119992653472,19,0.267,532.011,861.034,144.461,291.548,1,1,1,1,-21.246,-26.172,10.731,23.997,15.101,13.609,13.609,27.797,15.101,13.609,13.609,27.797,15.101,13.609,13.609,27.797,15.101,13.609,13.609,27.797,696.523,218.004,-23.709,17.364,30.202,30.202,0,2119992655656,True,520.000,910.000,144.000,293.000
8.840,2119992653472,19,0.264,531.602,862.933,145.049,292.318,1,1,1,1,-20.848,-23.518,10.875,23.826,15.101,13.609,13.609,27.795,15.101,13.609,13.609,27.795,15.101,13.609,13.609,27.795,15.101,13.609,13.609,27.795,697.268,218.684,-22.183,17.351,30.201,30.201,0,2119992655656,True,537.000,899.000,147.000,290.000
8.880,2119992653472,19,0.264,531.239,864.786,145.599,293.024,1,1,1,1,-20.424,-20.999,10.978,23.604,15.101,13.609,13.609,27.793,15.101,13.609,13.609,27.793,15.101,13.609,13.609,27.793,15.101,13.609,13.609,27.793,698.013,219.311,-20.712,17.291,30.201,30.201,0,2119992655656,True,537.000,899.000,147.000,290.000
8.920,2119992653472,19,0.264,530.919,866.593,146.110,293.669,1,1,1,1,-19.977,-18.614,11.043,23.334,15.101,13.610,13.610,27.792,15.101,13.610,13.610,27.792,15.101,13.610,13.610,27.792,15.101,13.610,13.610,27.792,698.756,219.890,-19.295,17.189,30.201,30.201,0,2119992655656,True,537.000,899.000,147.000,290.000
8.960,2119992653472,19,0.264,530.639,868.351,146.586,294.255,1,1,1,1,-19.508,-16.358,11.074,23.021,15.101,13.610,13.610,27.790,15.101,13.610,13.610,27.790,15.101,13.610,13.610,27.790,15.101,13.610,13.610,27.790,699.495,220.420,-17.933,17.047,30.201,30.201,0,2119992655656,True,537.000,899.000,147.000,290.000
9.000,2119992653472,19,0.264,530.398,870.061,147.027,294.785,1,1,1,1,-19.022,-14.228,11.072,22.669,15.101,13.610,13.610,27.788,15.101,13.610,13.610,27.788,15.101,13.610,13.610,27.788,15.101,13.610,13.610,27.788,700.229,220.906,-16.625,16.870,30.201,30.201,0,2119992655656,True,537.000,899.000,147.000,290.000
9.040,2119992653472,19,0.264,530.193,871.719,147.434,295.262,1,1,1,1,-18.521,-12.220,11.040,22.281,15.101,13.610,13.610,27.786,15.101,13.610,13.610,27.786,15.101,13.610,13.610,27.786,15.101,13.610,13.610,27.786,700.956,221.348,-15.371,16.661,30.201,30.201,0,2119992655656,True,537.000,899.000,147.000,290.000
9.080,2119992653472,19,0.264,530.022,873.327,147.810,295.688,1,1,1,1,-18.008,-10.330,10.980,21.863,15.101,13.610,13.610,27.785,15.101,13.610,13.610,27.785,15.101,13.610,13.610,27.785,15.101,13.610,13.610,27.785,701.675,221.749,-14.169,16.421,30.201,30.201,0,2119992655656,True,537.000,899.000,147.000,290.000
9.120,2119992653472,19,0.264,529.883,874.884,148.155,296.067,1,1,1,1,-17.484,-8.555,10.895,21.416,15.101,13.610,13.610,27.783,15.101,13.610,13.610,27.783,15.101,13.610,13.610,27.783,15.101,13.610,13.610,27.783,702.383,222.111,-13.019,16.156,30.201,30.201,0,2119992655656,True,537.000,899.000,147.000,290.000
9.160,2119992653472,19,0.264,529.774,876.388,148.470,296.401,1,1,1,1,-16.952,-6.891,10.787,20.945,15.101,13.610,13.610,27.781,15.101,13.610,13.610,27.781,15.101,13.610,13.610,27.781,15.101,13.610,13.610,27.781,703.081,222.436,-11.921,15.866,30.201,30.201,0,2119992655656,True,537.000,899.000,147.000,290.000
9.200,2119992653472,19,0.264,529.692,877.841,148.758,296.692,1,1,1,1,-16.414,-5.333,10.658,20.452,15.101,13.609,13.609,27.779,15.101,13.609,13.609,27.779,15.101,13.609,13.609,27.779,15.101,13.609,13.609,27.779,703.766,222.725,-10.874,15.555,30.201,30.201,0,2119992655656,True,537.000,899.000,147.000,290.000
9.240,2119992653472,19,0.264,529.637,879.241,149.020,296.943,1,1,1,1,-15.872,-3.879,10.509,19.941,15.100,13.609,13.609,27.778,15.100,13.609,13.609,27.778,15.100,13.609,13.609,27.778,15.100,13.609,13.609,27.778,704.439,222.982,-9.876,15.225,30.201,30.201,0,2119992655656,True,537.000,899.000,147.000,290.000
9.280,2119992653472,19,0.264,529.606,880.589,149.256,297.157,1,1,1,1,-15.328,-2.524,10.343,19.414,15.100,13.609,13.609,27.776,15.100,13.609,13.609,27.776,15.100,13.609,13.609,27.776,15.100,13.609,13.609,27.776,705.098,223.206,-8.926,14.879,30.201,30.201,0,2119992655656,True,537.000,899.000,147.000,290.000
9.320,2119992653472,19,0.264,529.598,881.886,149.468,297.334,1,1,1,1,-14.783,-1.264,10.161,18.875,15.100,13.608,13.608,27.774,15.100,13.608,13.608,27.774,15.100,13.608,13.608,27.774,15.100,13.608,13.608,27.774,705.742,223.401,-8.024,14.518,30.201,30.201,0,2119992655656,True,537.000,899.000,147.000,290.000
9.360,2119992653472,19,0.264,529.610,883.131,149.657,297.478,1,1,1,1,-14.239,-0.096,9.966,18.324,15.100,13.608,13.608,27.773,15.100,13.608,13.608,27.773,15.100,13.608,13.608,27.773,15.100,13.608,13.608,27.773,706.371,223.568,-7.168,14.145,30.201,30.201,0,2119992655656,True,537.000,899.000,147.000,290.000
9.400,2119992653472,19,0.264,529.641,884.326,149.825,297.591,1,1,1,1,-13.698,0.983,9.758,17.765,15.100,13.608,13.608,27.772,15.100,13.608,13.608,27.772,15.100,13.608,13.608,27.772,15.100,13.608,13.608,27.772,706.984,223.708,-6.357,13.762,30.200,30.200,0,2119992655656,True,537.000,899.000,147.000,290.000
9.440,2119992653472,19,0.264,529.690,885.470,149.973,297.675,1,1,1,1,-13.160,1.979,9.539,17.201,15.100,13.607,13.607,27.770,15.100,13.607,13.607,27.770,15.100,13.607,13.607,27.770,15.100,13.607,13.607,27.770,707.580,223.824,-5.590,13.370,30.200,30.200,0,2119992655656,True,537.000,899.000,147.000,290.000
9.480,2119992653472,19,0.264,529.755,886.565,150.101,297.732,1,1,1,1,-12.627,2.894,9.311,16.632,15.100,13.607,13.607,27.769,15.100,13.607,13.607,27.769,15.100,13.607,13.607,27.769,15.100,13.607,13.607,27.769,708.160,223.916,-4.866,12.971,30.200,30.200,0,2119992655656,True,537.000,899.000,147.000,290.000
9.520,2119992653472,19,0.264,529.835,887.611,150.211,297.763,1,1,1,1,-12.099,3.732,9.075,16.060,15.100,13.606,13.606,27.767,15.100,13.606,13.606,27.767,15.100,13.606,13.606,27.767,15.100,13.606,13.606,27.767,708.723,223.987,-4.183,12.568,30.200,30.200,0,2119992655656,True,537.000,899.000,147.000,290.000
9.560,2119992653472,19,0.264,529.929,888.609,150.304,297.771,1,1,1,1,-11.579,4.497,8.831,15.489,15.100,13.606,13.606,27.766,15.100,13.606,13.606,27.766,15.100,13.606,13.606,27.766,15.100,13.606,13.606,27.766,709.269,224.038,-3.541,12.160,30.199,30.199,0,2119992655656,True,537.000,899.000,147.000,290.000
9.600,2119992653472,19,0.264,530.035,889.559,150.382,297.757,1,1,1,1,-11.067,5.192,8.583,14.918,15.100,13.606,13.606,27.765,15.100,13.606,13.606,27.765,15.100,13.606,13.606,27.765,15.100,13.606,13.606,27.765,709.797,224.069,-2.937,11.750,30.199,30.199,0,2119992655656,True,537.000,899.000,147.000,290.000
9.640,2119992653472,19,0.264,530.151,890.464,150.444,297.723,1,1,1,1,-10.563,5.820,8.329,14.349,15.099,13.605,13.605,27.764,15.099,13.605,13.605,27.764,15.099,13.605,13.605,27.764,15.099,13.605,13.605,27.764,710.308,224.083,-2.371,11.339,30.199,30.199,0,2119992655656,True,537.000,899.000,147.000,290.000
9.680,2119992653472,19,0.264,530.278,891.324,150.492,297.671,1,1,1,1,-10.068,6.385,8.072,13.785,15.099,13.605,13.605,27.763,15.099,13.605,13.605,27.763,15.099,13.605,13.605,27.763,15.099,13.605,13.605,27.763,710.801,224.081,-1.842,10.929,30.198,30.198,0,2119992655656,True,537.000,899.000,147.000,290.000
9.720,2119992653472,19,0.264,530.413,892.139,150.527,297.601,1,1,1,1,-9.583,6.889,7.813,13.226,15.099,13.604,13.604,27.762,15.099,13.604,13.604,27.762,15.099,13.604,13.604,27.762,15.099,13.604,13.604,27.762,711.276,224.064,-1.347,10.519,30.198,30.198,0,2119992655656,True,537.000,899.000,147.000,290.000
9.760,2119992653472,19,0.264,530.556,892.912,150.549,297.517,1,1,1,1,-9.109,7.337,7.552,12.673,15.099,13.604,13.604,27.761,15.099,13.604,13.604,27.761,15.099,13.604,13.604,27.761,15.099,13.604,13.604,27.761,711.734,224.033,-0.886,10.112,30.198,30.198,0,2119992655656,True,537.000,899.000,147.000,290.000
9.800,2119992653472,19,0.264,530.705,893.643,150.561,297.418,1,1,1,1,-8.646,7.731,7.290,12.127,15.099,13.604,13.604,27.760,15.099,13.604,13.604,27.760,15.099,13.604,13.604,27.760,15.099,13.604,13.604,27.760,712.174,223.989,-0.457,9.708,30.197,30.197,0,2119992655656,True,537.000,899.000,147.000,290.000
9.840,2119992653472,19,0.264,530.861,894.333,150.561,297.306,1,1,1,1,-8.194,8.075,7.028,11.590,15.098,13.603,13.603,27.759,15.098,13.603,13.603,27.759,15.098,13.603,13.603,27.759,15.098,13.603,13.603,27.759,712.597,223.934,-0.060,9.309,30.197,30.197,0,2119992655656,True,537.000,899.000,147.000,290.000
9.880,2119992653472,19,0.264,531.021,894.984,150.552,297.183,1,1,1,1,-7.755,8.370,6.766,11.061,15.098,13.603,13.603,27.759,15.098,13.603,13.603,27.759,15.098,13.603,13.603,27.759,15.098,13.603,13.603,27.759,713.003,223.868,0.308,8.914,30.197,30.197,0,2119992655656,True,537.000,899.000,147.000,290.000
9.920,2119992653472,19,0.264,531.186,895.597,150.534,297.050,1,1,1,1,-7.327,8.621,6.506,10.542,15.098,13.602,13.602,27.758,15.098,13.602,13.602,27.758,15.098,13.602,13.602,27.758,15.098,13.602,13.602,27.758,713.391,223.792,0.647,8.524,30.196,30.196,0,2119992655656,True,537.000,899.000,147.000,290.000
9.960,2119992653472,19,0.264,531.354,896.173,150.508,296.908,1,1,1,1,-6.911,8.829,6.248,10.034,15.098,13.602,13.602,27.757,15.098,13.602,13.602,27.757,15.098,13.602,13.602,27.757,15.098,13.602,13.602,27.757,713.763,223.708,0.959,8.141,30.196,30.196,0,2119992655656,True,537.000,899.000,147.000,290.000
10.000,2119992653472,19,0.264,531.524,896.713,150.474,296.757,1,1,1,1,-6.509,8.997,5.993,9.537,15.098,13.602,13.602,27.757,15.098,13.602,13.602,27.757,15.098,13.602,13.602,27.757,15.098,13.602,13.602,27.757,714.119,223.616,1.244,7.765,30.195,30.195,0,2119992655656,True,537.000,899.000,147.000,290.000
10.040,2119992653472,19,0.264,531.697,897.218,150.434,296.600,1,1,1,1,-6.119,9.128,5.740,9.052,15.098,13.602,13.602,27.756,15.098,13.602,13.602,27.756,15.098,13.602,13.602,27.756,15.098,13.602,13.602,27.756,714.458,223.517,1.505,7.396,30.195,30.195,0,2119992655656,True,537.000,899.000,147.000,290.000
10.080,2119992653472,19,0.264,531.871,897.690,150.387,296.436,1,1,1,1,-5.741,9.224,5.491,8.578,15.097,13.601,13.601,27.756,15.097,13.601,13.601,27.756,15.097,13.601,13.601,27.756,15.097,13.601,13.601,27.756,714.781,223.412,1.741,7.035,30.195,30.195,0,2119992655656,True,537.000,899.000,147.000,290.000
10.120,2119992653472,19,0.264,532.046,898.130,150.334,296.268,1,1,1,1,-5.377,9.288,5.246,8.117,15.097,13.601,13.601,27.755,15.097,13.601,13.601,27.755,15.097,13.601,13.601,27.755,15.097,13.601,13.601,27.755,715.088,223.301,1.956,6.681,30.194,30.194,0,2119992655656,True,537.000,899.000,147.000,290.000
10.160,2119992653472,19,0.264,532.221,898.539,150.277,296.095,1,1,1,1,-5.025,9.322,5.005,7.669,15.097,13.601,13.601,27.755,15.097,13.601,13.601,27.755,15.097,13.601,13.601,27.755,15.097,13.601,13.601,27.755,715.380,223.186,2.148,6.337,30.194,30.194,0,2119992655656,True,537.000,899.000,147.000,290.000
10.200,2119992653472,19,0.264,532.396,898.919,150.214,295.918,1,1,1,1,-4.687,9.328,4.768,7.234,15.097,13.600,13.600,27.755,15.097,13.600,13.600,27.755,15.097,13.600,13.600,27.755,15.097,13.600,13.600,27.755,715.657,223.066,2.321,6.001,30.194,30.194,0,2119992655656,True,537.000,899.000,147.000,290.000
10.240,2119992653472,19,0.264,532.570,899.270,150.148,295.739,1,1,1,1,-4.361,9.308,4.537,6.811,15.097,13.600,13.600,27.754,15.097,13.600,13.600,27.754,15.097,13.600,13.600,27.754,15.097,13.600,13.600,27.754,715.920,222.944,2.474,5.674,30.193,30.193,0,2119992655656,True,537.000,899.000,147.000,290.000
10.280,2119992653472,19,0.264,532.743,899.594,150.078,295.558,1,1,1,1,-4.048,9.265,4.310,6.403,15.097,13.600,13.600,27.754,15.097,13.600,13.600,27.754,15.097,13.600,13.600,27.754,15.097,13.600,13.600,27.754,716.168,222.818,2.608,5.356,30.193,30.193,0,2119992655656,True,537.000,899.000,147.000,290.000
10.320,2119992653472,19,0.264,532.915,899.891,150.005,295.375,1,1,1,1,-3.747,9.199,4.089,6.007,15.096,13.600,13.600,27.754,15.096,13.600,13.600,27.754,15.096,13.600,13.600,27.754,15.096,13.600,13.600,27.754,716.403,222.690,2.726,5.048,30.193,30.193,0,2119992655656,True,537.000,899.000,147.000,290.000
10.360,2119992653472,19,0.264,533.085,900.164,149.930,295.192,1,1,1,1,-3.459,9.113,3.874,5.625,15.096,13.600,13.600,27.753,15.096,13.600,13.600,27.753,15.096,13.600,13.600,27.753,15.096,13.600,13.600,27.753,716.625,222.561,2.827,4.750,30.193,30.193,0,2119992655656,True,537.000,899.000,147.000,290.000
10.400,2119992653472,19,0.264,533.252,900.413,149.852,295.008,1,1,1,1,-3.184,9.009,3.664,5.257,15.096,13.599,13.599,27.753,15.096,13.599,13.599,27.753,15.096,13.599,13.599,27.753,15.096,13.599,13.599,27.753,716.833,222.430,2.913,4.461,30.192,30.192,0,2119992655656,True,537.000,899.000,147.000,290.000
10.440,2119992653472,19,0.264,533.417,900.640,149.772,294.824,1,1,1,1,-2.920,8.889,3.460,4.902,15.096,13.599,13.599,27.753,15.096,13.599,13.599,27.753,15.096,13.599,13.599,27.753,15.096,13.599,13.599,27.753,717.029,222.298,2.984,4.181,30.192,30.192,0,2119992655656,True,537.000,899.000,147.000,290.000
10.480,2119992653472,19,0.264,533.580,900.845,149.691,294.641,1,1,1,1,-2.669,8.753,3.262,4.561,15.096,13.599,13.599,27.753,15.096,13.599,13.599,27.753,15.096,13.599,13.599,27.753,15.096,13.599,13.599,27.753,717.212,222.166,3.042,3.912,30.192,30.192,0,2119992655656,True,537.000,899.000,147.000,290.000
10.520,2119992653472,19,0.264,533.739,901.029,149.608,294.460,1,1,1,1,-2.429,8.604,3.071,4.233,15.096,13.599,13.599,27.753,15.096,13.599,13.599,27.753,15.096,13.599,13.599,27.753,15.096,13.599,13.599,27.753,717.384,222.034,3.087,3.652,30.192,30.192,0,2119992655656,True,537.000,899.000,147.000,290.000
10.560,2119992653472,19,0.264,533.896,901.194,149.525,294.280,1,1,1,1,-2.201,8.442,2.885,3.918,15.096,13.599,13.599,27.753,15.096,13.599,13.599,27.753,15.096,13.599,13.599,27.753,15.096,13.599,13.599,27.753,717.545,221.902,3.121,3.402,30.191,30.191,0,2119992655656,True,537.000,899.000,147.000,290.000
10.600,2119992653472,19,0.264,534.049,901.341,149.441,294.101,1,1,1,1,-1.984,8.270,2.705,3.617,15.096,13.599,13.599,27.752,15.096,13.599,13.599,27.752,15.096,13.599,13.599,27.752,15.096,13.599,13.599,27.752,717.695,221.771,3.143,3.161,30.191,30.191,0,2119992655656,True,537.000,899.000,147.000,290.000
10.640,2119992653472,19,0.264,534.198,901.470,149.357,293.926,1,1,1,1,-1.777,8.089,2.532,3.328,15.096,13.599,13.599,27.752,15.096,13.599,13.599,27.752,15.096,13.599,13.599,27.752,15.096,13.599,13.599,27.752,717.834,221.641,3.156,2.930,30.191,30.191,0,2119992655656,True,537.000,899.000,147.000,290.000
10.680,2119992653472,19,0.264,534.344,901.583,149.273,293.752,1,1,1,1,-1.582,7.899,2.365,3.052,15.095,13.599,13.599,27.752,15.095,13.599,13.599,27.752,15.095,13.599,13.599,27.752,15.095,13.599,13.599,27.752,717.963,221.513,3.158,2.708,30.191,30.191,0,2119992655656,True,537.000,899.000,147.000,290.000
10.720,2119992653472,19,0.264,534.486,901.680,149.189,293.582,1,1,1,1,-1.397,7.702,2.204,2.788,15.095,13.599,13.599,27.752,15.095,13.599,13.599,27.752,15.095,13.599,13.599,27.752,15.095,13.599,13.599,27.752,718.083,221.385,3.152,2.496,30.191,30.191,0,2119992655656,True,537.000,899.000,147.000,290.000
10.760,2119992653472,19,0.264,534.624,901.762,149.105,293.415,1,1,1,1,-1.222,7.498,2.049,2.537,15.095,13.598,13.598,27.752,15.095,13.598,13.598,27.752,15.095,13.598,13.598,27.752,15.095,13.598,13.598,27.752,718.193,221.260,3.138,2.293,30.191,30.191,0,2119992655656,True,537.000,899.000,147.000,290.000
10.800,2119992653472,19,0.264,534.758,901.831,149.022,293.251,1,1,1,1,-1.058,7.290,1.900,2.298,15.095,13.598,13.598,27.752,15.095,13.598,13.598,27.752,15.095,13.598,13.598,27.752,15.095,13.598,13.598,27.752,718.295,221.136,3.116,2.099,30.191,30.191,0,2119992655656,True,537.000,899.000,147.000,290.000
10.840,2119992653472,19,0.264,534.888,901.887,148.939,293.091,1,1,1,1,-0.902,7.078,1.758,2.071,15.095,13.598,13.598,27.752,15.095,13.598,13.598,27.752,15.095,13.598,13.598,27.752,15.095,13.598,13.598,27.752,718.388,221.015,3.088,1.914,30.190,30.190,0,2119992655656,True,537.000,899.000,147.000,290.000
10.880,2119992653472,19,0.264,535.014,901.931,148.858,292.934,1,1,1,1,-0.756,6.862,1.621,1.855,15.095,13.598,13.598,27.752,15.095,13.598,13.598,27.752,15.095,13.598,13.598,27.752,15.095,13.598,13.598,27.752,718.473,220.896,3.053,1.738,30.190,30.190,0,2119992655656,True,537.000,899.000,147.000,290.000
10.920,2119992653472,19,0.264,535.136,901.964,148.778,292.781,1,1,1,1,-0.619,6.644,1.490,1.651,15.095,13.598,13.598,27.752,15.095,13.598,13.598,27.752,15.095,13.598,13.598,27.752,15.095,13.598,13.598,27.752,718.550,220.779,3.013,1.571,30.190,30.190,0,2119992655656,True,537.000,899.000,147.000,290.000
10.960,2119992653472,19,0.264,535.254,901.986,148.699,292.632,1,1,1,1,-0.491,6.425,1.365,1.457,15.095,13.598,13.598,27.752,15.095,13.598,13.598,27.752,15.095,13.598,13.598,27.752,15.095,13.598,13.598,27.752,718.620,220.665,2.967,1.411,30.190,30.190,0,2119992655656,True,537.000,899.000,147.000,290.000
11.000,2119992653472,19,0.264,535.367,901.998,148.621,292.487,1,1,1,1,-0.371,6.204,1.246,1.274,15.095,13.598,13.598,27.752,15.095,13.598,13.598,27.752,15.095,13.598,13.598,27.752,15.095,13.598,13.598,27.752,718.683,220.554,2.917,1.260,30.190,30.190,0,2119992655656,True,537.000,899.000,147.000,290.000
11.040,2119992653472,19,0.264,535.477,902.001,148.545,292.347,1,1,1,1,-0.259,5.984,1.133,1.102,15.095,13.598,13.598,27.752,15.095,13.598,13.598,27.752,15.095,13.598,13.598,27.752,15.095,13.598,13.598,27.752,718.739,220.446,2.863,1.117,30.190,30.190,0,2119992655656,True,537.000,899.000,147.000,290.000
11.080,2119992653472,19,0.264,535.582,901.996,148.470,292.210,1,1,1,1,-0.154,5.763,1.025,0.939,15.095,13.598,13.598,27.752,15.095,13.598,13.598,27.752,15.095,13.598,13.598,27.752,15.095,13.598,13.598,27.752,718.789,220.340,2.805,0.982,30.190,30.190,0,2119992655656,True,537.000,899.000,147.000,290.000
11.120,2119992653472,19,0.264,535.684,901.983,148.397,292.078,1,1,1,1,-0.058,5.544,0.922,0.786,15.095,13.598,13.598,27.752,15.095,13.598,13.598,27.752,15.095,13.598,13.598,27.752,15.095,13.598,13.598,27.752,718.833,220.238,2.743,0.854,30.190,30.190,0,2119992655656,True,537.000,899.000,147.000,290.000
11.160,2119992653472,19,0.264,535.781,901.963,148.326,291.951,1,1,1,1,0.032,5.326,0.824,0.643,15.095,13.598,13.598,27.752,15.095,13.598,13.598,27.752,15.095,13.598,13.598,27.752,15.095,13.598,13.598,27.752,718.872,220.138,2.679,0.734,30.190,30.190,0,2119992655656,True,537.000,899.000,147.000,290.000
11.200,2119992653472,19,0.264,535.874,901.936,148.256,291.827,1,1,1,1,0.115,5.110,0.732,0.508,15.095,13.598,13.598,27.752,15.095,13.598,13.598,27.752,15.095,13.598,13.598,27.752,15.095,13.598,13.598,27.752,718.905,220.042,2.613,0.620,30.190,30.190,0,2119992655656,True,537.000,899.000,147.000,290.000
11.240,2119992653472,19,0.310,528.114,903.564,148.792,302.501,1,1,1,1,-6.880,6.392,1.188,10.105,15.095,13.598,13.598,27.752,15.095,13.598,13.598,27.752,15.095,13.598,13.598,27.752,15.095,13.598,13.598,27.752,715.839,225.646,-0.244,5.647,30.190,30.190,0,2119992655656,True,433.000,921.000,155.000,433.000
11.280,2119992653472,19,0.361,520.681,905.267,149.380,312.120,1,1,1,1,-13.328,7.697,1.675,18.407,15.095,13.598,13.598,27.752,15.095,13.598,13.598,27.752,15.095,13.598,13.598,27.752,15.095,13.598,13.598,27.752,712.974,230.750,-2.816,10.041,30.190,30.190,0,2119992655656,True,433.000,923.000,156.000,425.000
11.320,2119992653472,19,0.361,513.570,906.890,149.942,321.320,1,1,1,1,-19.253,8.881,2.121,26.031,15.095,13.598,13.598,27.752,15.095,13.598,13.598,27.752,15.095,13.598,13.598,27.752,15.095,13.598,13.598,27.752,710.230,235.631,-5.186,14.076,30.190,30.190,0,2119992655656,True,433.000,923.000,156.000,425.000
11.360,2119992653472,19,0.361,506.777,908.435,150.477,330.108,1,1,1,1,-24.679,9.952,2.527,33.010,15.095,13.598,13.598,27.752,15.095,13.598,13.598,27.752,15.095,13.598,13.598,27.752,15.095,13.598,13.598,27.752,707.606,240.293,-7.363,17.768,30.190,30.190,0,2119992655656,True,433.000,923.000,156.000,425.000
11.400,2119992653472,19,0.361,500.297,909.902,150.988,338.491,1,1,1,1,-29.628,10.916,2.896,39.372,15.095,13.598,13.598,27.752,15.095,13.598,13.598,27.752,15.095,13.598,13.598,27.752,15.095,13.598,13.598,27.752,705.099,244.739,-9.356,21.134,30.189,30.189,0,2119992655656,True,433.000,923.000,156.000,425.000
11.440,2119992653472,19,0.361,494.122,911.294,151.473,346.476,1,1,1,1,-34.123,11.776,3.228,45.146,15.095,13.598,13.598,27.752,15.095,13.598,13.598,27.752,15.095,13.598,13.598,27.752,15.095,13.598,13.598,27.752,702.708,248.974,-11.173,24.187,30.189,30.189,0,2119992655656,True,433.000,923.000,156.000,425.000
11.480,2119992653472,19,0.361,488.247,912.613,151.934,354.072,1,1,1,1,-38.186,12.540,3.527,50.362,15.095,13.598,13.598,27.752,15.095,13.598,13.598,27.752,15.095,13.598,13.598,27.752,15.095,13.598,13.598,27.752,700.430,253.003,-12.823,26.945,30.189,30.189,0,2119992655656,True,433.000,923.000,156.000,425.000
11.520,2119992653472,19,0.361,482.665,913.861,152.371,361.287,1,1,1,1,-41.838,13.212,3.794,55.048,15.095,13.598,13.598,27.752,15.095,13.598,13.598,27.752,15.095,13.598,13.598,27.752,15.095,13.598,13.598,27.752,698.263,256.829,-14.313,29.421,30.189,30.189,0,2119992655656,True,433.000,923.000,156.000,425.000
11.560,2119992653472,19,0.361,477.369,915.039,152.786,368.132,1,1,1,1,-45.101,13.798,4.031,59.230,15.095,13.598,13.598,27.752,15.095,13.598,13.598,27.752,15.095,13.598,13.598,27.752,15.095,13.598,13.598,27.752,696.204,260.459,-15.651,31.630,30.189,30.189,0,2119992655656,True,433.000,923.000,156.000,425.000
11.600,2119992653472,19,0.361,472.353,916.150,153.177,374.614,1,1,1,1,-47.995,14.302,4.238,62.935,15.095,13.598,13.598,27.752,15.095,13.598,13.598,27.752,15.095,13.598,13.598,27.752,15.095,13.598,13.598,27.752,694.252,263.896,-16.847,33.587,30.189,30.189,0,2119992655656,True,433.000,923.000,156.000,425.000
11.640,2119992653472,19,0.361,467.608,917.196,153.547,380.744,1,1,1,1,-50.540,14.728,4.419,66.190,15.095,13.598,13.598,27.752,15.095,13.598,13.598,27.752,15.095,13.598,13.598,27.752,15.095,13.598,13.598,27.752,692.402,267.146,-17.906,35.304,30.189,30.189,0,2119992655656,True,433.000,923.000,156.000,425.000
11.680,2119992653472,19,0.361,463.127,918.179,153.896,386.532,1,1,1,1,-52.755,15.083,4.573,69.019,15.095,13.598,13.598,27.752,15.095,13.598,13.598,27.752,15.095,13.598,13.598,27.752,15.095,13.598,13.598,27.752,690.653,270.214,-18.836,36.796,30.189,30.189,0,2119992655656,True,433.000,923.000,156.000,425.000
11.720,2119992653472,19,0.361,458.902,919.100,154.224,391.988,1,1,1,1,-54.660,15.370,4.704,71.447,15.095,13.598,13.598,27.752,15.095,13.598,13.598,27.752,15.095,13.598,13.598,27.752,15.095,13.598,13.598,27.752,689.001,273.106,-19.645,38.075,30.189,30.189,0,2119992655656,True,433.000,923.000,156.000,425.000
11.760,2119992653472,19,0.361,454.926,919.963,154.532,397.122,1,1,1,1,-56.273,15.593,4.812,73.497,15.095,13.598,13.598,27.752,15.095,13.598,13.598,27.752,15.095,13.598,13.598,27.752,15.095,13.598,13.598,27.752,687.444,275.827,-20.340,39.154,30.189,30.189,0,2119992655656,True,433.000,923.000,156.000,425.000
11.800,2119992653472,19,0.361,451.190,920.769,154.820,401.944,1,1,1,1,-57.610,15.757,4.899,75.192,15.095,13.598,13.598,27.752,15.095,13.598,13.598,27.752,15.095,13.598,13.598,27.752,15.095,13.598,13.598,27.752,685.979,278.382,-20.927,40.046,30.189,30.189,0,2119992655656,True,433.000,923.000,156.000,425.000
11.840,2119992653472,19,0.361,447.687,921.520,155.091,406.465,1,1,1,1,-58.691,15.866,4.966,76.555,15.095,13.598,13.598,27.752,15.095,13.598,13.598,27.752,15.095,13.598,13.598,27.752,15.095,13.598,13.598,27.752,684.603,280.778,-21.412,40.761,30.189,30.189,0,2119992655656,True,433.000,923.000,156.000,425.000
11.880,2119992653472,19,0.361,444.408,922.219,155.343,410.695,1,1,1,1,-59.529,15.923,5.014,77.607,15.095,13.598,13.598,27.752,15.095,13.598,13.598,27.752,15.095,13.598,13.598,27.752,15.095,13.598,13.598,27.752,683.313,283.019,-21.803,41.311,30.189,30.189,0,2119992655656,True,433.000,923.000,156.000,425.000
11.920,2119992653472,19,0.361,441.345,922.866,155.578,414.644,1,1,1,1,-60.143,15.933,5.045,78.369,15.095,13.598,13.598,27.752,15.095,13.598,13.598,27.752,15.095,13.598,13.598,27.752,15.095,13.598,13.598,27.752,682.106,285.111,-22.105,41.707,30.189,30.189,0,2119992655656,True,433.000,923.000,156.000,425.000
11.960,2119992653472,19,0.361,438.491,923.466,155.796,418.324,1,1,1,1,-60.547,15.899,5.060,78.860,15.095,13.598,13.598,27.752,15.095,13.598,13.598,27.752,15.095,13.598,13.598,27.752,15.095,13.598,13.598,27.752,680.978,287.060,-22.324,41.960,30.189,30.189,0,2119992655656,True,433.000,923.000,156.000,425.000
12.000,2119992653472,19,0.361,435.838,924.019,155.999,421.744,1,1,1,1,-60.756,15.824,5.060,79.099,15.095,13.598,13.598,27.752,15.095,13.598,13.598,27.752,15.095,13.598,13.598,27.752,15.095,13.598,13.598,27.752,679.928,288.871,-22.466,42.080,30.189,30.189,0,2119992655656,True,433.000,923.000,156.000,425.000
12.040,2119992653472,19,0.361,433.377,924.527,156.186,424.915,1,1,1,1,-60.783,15.712,5.047,79.106,15.095,13.598,13.598,27.752,15.095,13.598,13.598,27.752,15.095,13.598,13.598,27.752,15.095,13.598,13.598,27.752,678.952,290.551,-22.536,42.076,30.189,30.189,0,2119992655656,True,433.000,923.000,156.000,425.000
12.080,2119992653472,19,0.361,431.100,924.993,156.359,427.847,1,1,1,1,-60.644,15.565,5.020,78.896,15.095,13.598,13.598,27.752,15.095,13.598,13.598,27.752,15.095,13.598,13.598,27.752,15.095,13.598,13.598,27.752,678.047,292.103,-22.539,41.958,30.189,30.189,0,2119992655656,True,433.000,923.000,156.000,425.000
12.120,2119992653472,19,0.361,429.001,925.418,156.517,430.550,1,1,1,1,-60.350,15.387,4.982,78.488,15.095,13.598,13.598,27.752,15.095,13.598,13.598,27.752,15.095,13.598,13.598,27.752,15.095,13.598,13.598,27.752,677.210,293.533,-22.481,41.735,30.189,30.189,0,2119992655656,True,433.000,923.000,156.000,425.000
12.160,2119992653472,19,0.361,427.071,925.804,156.662,433.033,1,1,1,1,-59.914,15.181,4.933,77.897,15.095,13.598,13.598,27.752,15.095,13.598,13.598,27.752,15.095,13.598,13.598,27.752,15.095,13.598,13.598,27.752,676.438,294.848,-22.366,41.415,30.189,30.189,0,2119992655656,True,433.000,923.000,156.000,425.000
12.200,2119992653472,19,0.361,425.303,926.154,156.795,435.308,1,1,1,1,-59.348,14.949,4.875,77.139,15.095,13.598,13.598,27.752,15.095,13.598,13.598,27.752,15.095,13.598,13.598,27.752,15.095,13.598,13.598,27.752,675.729,296.051,-22.199,41.007,30.189,30.189,0,2119992655656,True,433.000,923.000,156.000,425.000
12.240,2119992653472,19,0.361,423.689,926.469,156.915,437.383,1,1,1,1,-58.663,14.694,4.808,76.229,15.095,13.598,13.598,27.752,15.095,13.598,13.598,27.752,15.095,13.598,13.598,27.752,15.095,13.598,13.598,27.752,675.079,297.149,-21.984,40.518,30.189,30.189,0,2119992655656,True,433.000,923.000,156.000,425.000
12.280,2119992653472,19,0.361,422.222,926.751,157.024,439.267,1,1,1,1,-57.870,14.418,4.732,75.180,15.095,13.598,13.598,27.752,15.095,13.598,13.598,27.752,15.095,13.598,13.598,27.752,15.095,13.598,13.598,27.752,674.487,298.145,-21.726,39.956,30.189,30.189,0,2119992655656,True,433.000,923.000,156.000,425.000
12.320,2119992653472,19,0.361,420.896,927.001,157.122,440.971,1,1,1,1,-56.980,14.124,4.650,74.005,15.095,13.598,13.598,27.752,15.095,13.598,13.598,27.752,15.095,13.598,13.598,27.752,15.095,13.598,13.598,27.752,673.948,299.046,-21.428,39.327,30.189,30.189,0,2119992655656,True,433.000,923.000,156.000,425.000
12.360,2119992653472,19,0.361,419.702,927.221,157.209,442.502,1,1,1,1,-56.002,13.814,4.561,72.718,15.095,13.598,13.598,27.752,15.095,13.598,13.598,27.752,15.095,13.598,13.598,27.752,15.095,13.598,13.598,27.752,673.462,299.855,-21.094,38.639,30.189,30.189,0,2119992655656,True,433.000,923.000,156.000,425.000
12.400,2119992653472,19,0.361,418.635,927.413,157.286,443.870,1,1,1,1,-54.946,13.489,4.466,71.330,15.095,13.598,13.598,27.752,15.095,13.598,13.598,27.752,15.095,13.598,13.598,27.752,15.095,13.598,13.598,27.752,673.024,300.578,-20.728,37.898,30.189,30.189,0,2119992655656,True,433.000,923.000,156.000,425.000
12.440,2119992653472,19,0.361,417.687,927.579,157.354,445.084,1,1,1,1,-53.820,13.152,4.367,69.853,15.095,13.598,13.598,27.752,15.095,13.598,13.598,27.752,15.095,13.598,13.598,27.752,15.095,13.598,13.598,27.752,672.633,301.219,-20.334,37.110,30.189,30.189,0,2119992655656,True,433.000,923.000,156.000,425.000
12.480,2119992653472,19,0.361,416.852,927.720,157.414,446.151,1,1,1,1,-52.632,12.805,4.263,68.298,15.095,13.598,13.598,27.752,15.095,13.598,13.598,27.752,15.095,13.598,13.598,27.752,15.095,13.598,13.598,27.752,672.286,301.783,-19.913,36.280,30.189,30.189,0,2119992655656,True,433.000,923.000,156.000,425.000
12.520,2119992653472,19,0.361,416.125,927.837,157.465,447.081,1,1,1,1,-51.391,12.450,4.155,66.674,15.095,13.598,13.598,27.752,15.095,13.598,13.598,27.752,15.095,13.598,13.598,27.752,15.095,13.598,13.598,27.752,671.981,302.273,-19.471,35.415,30.189,30.189,0,2119992655656,True,433.000,923.000,156.000,425.000
12.560,2119992653472,19,0.361,415.498,927.933,157.508,447.880,1,1,1,1,-50.104,12.087,4.044,64.991,15.095,13.598,13.598,27.752,15.095,13.598,13.598,27.752,15.095,13.598,13.598,27.752,15.095,13.598,13.598,27.752,671.715,302.694,-19.009,34.518,30.189,30.189,0,2119992655656,True,433.000,923.000,156.000,425.000
12.600,2119992653472,19,0.361,414.966,928.007,157.544,448.556,1,1,1,1,-48.778,11.719,3.931,63.259,15.095,13.598,13.598,27.752,15.095,13.598,13.598,27.752,15.095,13.598,13.598,27.752,15.095,13.598,13.598,27.752,671.487,303.050,-18.530,33.595,30.189,30.189,0,2119992655656,True,433.000,923.000,156.000,425.000
12.640,2119992653472,19,0.361,414.523,928.063,157.572,449.118,1,1,1,1,-47.419,11.346,3.815,61.485,15.095,13.598,13.598,27.752,15.095,13.598,13.598,27.752,15.095,13.598,13.598,27.752,15.095,13.598,13.598,27.752,671.293,303.345,-18.036,32.650,30.189,30.189,0,2119992655656,True,433.000,923.000,156.000,425.000
12.680,2119992653472,19,0.361,414.164,928.100,157.595,449.572,1,1,1,1,-46.034,10.971,3.698,59.678,15.095,13.598,13.598,27.752,15.095,13.598,13.598,27.752,15.095,13.598,13.598,27.752,15.095,13.598,13.598,27.752,671.132,303.583,-17.531,31.688,30.189,30.189,0,2119992655656,True,433.000,923.000,156.000,425.000
12.720,2119992653472,19,0.361,413.883,928.121,157.611,449.924,1,1,1,1,-44.628,10.595,3.579,57.845,15.095,13.598,13.598,27.752,15.095,13.598,13.598,27.752,15.095,13.598,13.598,27.752,15.095,13.598,13.598,27.752,671.002,303.768,-17.017,30.712,30.189,30.189,0,2119992655656,True,433.000,923.000,156.000,425.000
12.760,2119992653472,19,0.361,413.676,928.126,157.622,450.182,1,1,1,1,-43.207,10.218,3.460,55.994,15.095,13.598,13.598,27.752,15.095,13.598,13.598,27.752,15.095,13.598,13.598,27.752,15.095,13.598,13.598,27.752,670.901,303.902,-16.495,29.727,30.189,30.189,0,2119992655656,True,433.000,923.000,156.000,425.000
12.800,2119992653472,19,0.361,413.536,928.117,157.627,450.352,1,1,1,1,-41.775,9.841,3.340,54.129,15.095,13.598,13.598,27.752,15.095,13.598,13.598,27.752,15.095,13.598,13.598,27.752,15.095,13.598,13.598,27.752,670.827,303.990,-15.967,28.735,30.189,30.189,0,2119992655656,True,433.000,923.000,156.000,425.000
12.840,2119992653472,19,0.361,413.460,928.095,157.628,450.441,1,1,1,1,-40.338,9.467,3.221,52.258,15.095,13.598,13.598,27.752,15.095,13.598,13.598,27.752,15.095,13.598,13.598,27.752,15.095,13.598,13.598,27.752,670.778,304.034,-15.436,27.739,30.189,30.189,0,2119992655656,True,433.000,923.000,156.000,425.000
12.880,2119992653472,19,0.361,413.443,928.061,157.624,450.453,1,1,1,1,-38.900,9.094,3.101,50.386,15.095,13.598,13.598,27.752,15.095,13.598,13.598,27.752,15.095,13.598,13.598,27.752,15.095,13.598,13.598,27.752,670.752,304.039,-14.903,26.744,30.189,30.189,0,2119992655656,True,433.000,923.000,156.000,425.000
12.920,2119992653472,19,0.361,413.481,928.015,157.616,450.395,1,1,1,1,-37.465,8.726,2.982,48.519,15.095,13.598,13.598,27.752,15.095,13.598,13.598,27.752,15.095,13.598,13.598,27.752,15.095,13.598,13.598,27.752,670.748,304.006,-14.370,25.751,30.189,30.189,0,2119992655656,True,433.000,923.000,156.000,425.000
12.960,2119992653472,19,0.361,411.982,928.364,157.736,452.336,1,1,1,1,-37.465,8.726,2.982,48.519,16.327,14.708,14.708,28.752,16.327,14.708,14.708,28.752,16.327,14.708,14.708,28.752,16.327,14.708,14.708,28.752,670.173,305.036,-14.370,25.751,32.654,32.654,1,2119992655656,False,433.000,923.000,156.000,425.000
13.000,2119992653472,19,0.361,410.484,928.713,157.855,454.277,1,1,1,1,-37.465,8.726,2.982,48.519,17.650,15.858,15.858,29.752,17.650,15.858,15.858,29.752,17.650,15.858,15.858,29.752,17.650,15.858,15.858,29.752,669.598,306.066,-14.370,25.751,35.299,35.299,2,2119992655656,False,433.000,923.000,156.000,425.000
13.040,2119992653472,19,0.361,408.985,929.062,157.974,456.218,1,1,1,1,-37.465,8.726,2.982,48.519,19.066,17.048,17.048,30.752,19.066,17.048,17.048,30.752,19.066,17.048,17.048,30.752,19.066,17.048,17.048,30.752,669.024,307.096,-14.370,25.751,38.132,38.132,3,2119992655656,False,433.000,923.000,156.000,425.000
13.080,2119992653472,19,0.361,407.486,929.411,158.094,458.158,1,1,1,1,-37.465,8.726,2.982,48.519,20.579,18.278,18.278,31.752,20.579,18.278,18.278,31.752,20.579,18.278,18.278,31.752,20.579,18.278,18.278,31.752,668.449,308.126,-14.370,25.751,41.158,41.158,4,2119992655656,False,433.000,923.000,156.000,425.000
13.120,2119992653472,19,0.361,405.988,929.760,158.213,460.099,1,1,1,1,-37.465,8.726,2.982,48.519,22.192,19.548,19.548,32.752,22.192,19.548,19.548,32.752,22.192,19.548,19.548,32.752,22.192,19.548,19.548,32.752,667.874,309.156,-14.370,25.751,44.384,44.384,5,2119992655656,False,433.000,923.000,156.000,425.000
13.160,2119992653472,19,0.361,404.489,930.109,158.332,462.040,1,1,1,1,-37.465,8.726,2.982,48.519,23.908,20.858,20.858,33.752,23.908,20.858,20.858,33.752,23.908,20.858,20.858,33.752,23.908,20.858,20.858,33.752,667.299,310.186,-14.370,25.751,47.816,47.816,6,2119992655656,False,433.000,923.000,156.000,425.000
13.200,2119992653472,19,0.361,402.991,930.458,158.452,463.981,1,1,1,1,-37.465,8.726,2.982,48.519,25.731,22.208,22.208,34.752,25.731,22.208,22.208,34.752,25.731,22.208,22.208,34.752,25.731,22.208,22.208,34.752,666.724,311.216,-14.370,25.751,51.462,51.462,7,2119992655656,False,433.000,923.000,156.000,425.000
13.240,2119992653472,19,0.361,401.492,930.807,158.571,465.921,1,1,1,1,-37.465,8.726,2.982,48.519,27.663,23.599,23.599,35.752,27.663,23.599,23.599,35.752,27.663,23.599,23.599,35.752,27.663,23.599,23.599,35.752,666.150,312.246,-14.370,25.751,55.326,55.326,8,2119992655656,False,433.000,923.000,156.000,425.000
13.280,2119992653472,19,0.361,399.993,931.156,158.690,467.862,1,1,1,1,-37.465,8.726,2.982,48.519,29.708,25.029,25.029,36.752,29.708,25.029,25.029,36.752,29.708,25.029,25.029,36.752,29.708,25.029,25.029,36.752,665.575,313.276,-14.370,25.751,59.416,59.416,9,2119992655656,False,433.000,923.000,156.000,425.000
13.320,2119992653472,19,0.284,413.821,923.739,166.120,456.773,1,1,1,1,-24.722,2.268,9.061,37.684,27.489,22.857,22.857,34.723,27.489,22.857,22.857,34.723,27.489,22.857,22.857,34.723,27.489,22.857,22.857,34.723,668.780,311.446,-11.227,23.373,54.978,54.978,0,2119992655656,True,510.000,875.000,212.000,375.000
13.360,2119992653472,19,0.284,425.312,917.558,172.329,447.584,1,1,1,1,-14.455,-2.891,13.870,28.885,25.688,21.131,21.131,33.162,25.688,21.131,21.131,33.162,25.688,21.131,21.131,33.162,25.688,21.131,21.131,33.162,671.435,309.956,-8.673,21.378,51.375,51.375,0,2119992655656,True,510.000,875.000,212.000,375.000
13.400,2119992653472,19,0.284,435.051,912.307,177.617,439.817,1,1,1,1,-6.039,-7.080,17.731,21.607,24.200,19.740,19.740,31.945,24.200,19.740,19.740,31.945,24.200,19.740,19.740,31.945,24.200,19.740,19.740,31.945,673.679,308.717,-6.560,19.669,48.400,48.400,0,2119992655656,True,510.000,875.000,212.000,375.000
13.440,2119992653472,19,0.284,443.439,907.774,182.191,433.143,1,1,1,1,0.956,-10.525,20.864,15.497,22.954,18.606,18.606,30.990,22.954,18.606,18.606,30.990,22.954,18.606,18.606,30.990,22.954,18.606,18.606,30.990,675.607,307.667,-4.784,18.180,45.908,45.908,0,2119992655656,True,510.000,875.000,212.000,375.000
13.480,2119992653472,19,0.284,450.761,903.811,186.198,427.328,1,1,1,1,6.834,-13.383,23.424,10.304,21.900,17.673,17.673,30.236,21.900,17.673,17.673,30.236,21.900,17.673,17.673,30.236,21.900,17.673,17.673,30.236,677.286,306.763,-3.275,16.864,43.799,43.799,0,2119992655656,True,510.000,875.000,212.000,375.000
13.520,2119992653472,19,0.284,457.226,900.307,189.746,422.203,1,1,1,1,11.816,-15.773,25.525,5.848,20.998,16.900,16.900,29.641,20.998,16.900,16.900,29.641,20.998,16.900,16.900,29.641,20.998,16.900,16.900,29.641,678.766,305.974,-1.978,15.687,41.997,41.997,0,2119992655656,True,510.000,875.000,212.000,375.000
13.560,2119992653472,19,0.284,462.987,897.181,192.914,417.640,1,1,1,1,16.068,-17.778,27.251,1.992,20.223,16.256,16.256,29.171,20.223,16.256,16.256,29.171,20.223,16.256,16.256,29.171,20.223,16.256,16.256,29.171,680.084,305.277,-0.855,14.622,40.446,40.446,0,2119992655656,True,510.000,875.000,212.000,375.000
13.600,2119992653472,19,0.284,468.163,894.371,195.763,413.544,1,1,1,1,19.712,-19.466,28.666,-1.366,19.552,15.720,15.720,28.801,19.552,15.720,15.720,28.801,19.552,15.720,15.720,28.801,19.552,15.720,15.720,28.801,681.267,304.653,0.123,13.650,39.103,39.103,0,2119992655656,True,510.000,875.000,212.000,375.000
13.640,2119992653472,19,0.284,472.844,891.829,198.341,409.839,1,1,1,1,22.847,-20.886,29.818,-4.305,18.968,15.272,15.272,28.513,18.968,15.272,15.272,28.513,18.968,15.272,15.272,28.513,18.968,15.272,15.272,28.513,682.336,304.090,0.981,12.757,37.936,37.936,0,2119992655656,True,510.000,875.000,212.000,375.000
13.680,2119992653472,19,0.284,477.103,889.517,200.684,406.467,1,1,1,1,25.546,-22.077,30.747,-6.887,18.459,14.898,14.898,28.290,18.459,14.898,14.898,28.290,18.459,14.898,14.898,28.290,18.459,14.898,14.898,28.290,683.310,303.576,1.735,11.930,36.917,36.917,0,2119992655656,True,510.000,875.000,212.000,375.000
13.720,2119992653472,19,0.284,480.996,887.406,202.822,403.383,1,1,1,1,27.871,-23.071,31.482,-9.162,18.013,14.586,14.586,28.121,18.013,14.586,14.586,28.121,18.013,14.586,14.586,28.121,18.013,14.586,14.586,28.121,684.201,303.102,2.400,11.160,36.025,36.025,0,2119992655656,True,510.000,875.000,212.000,375.000
13.760,2119992653472,19,0.284,484.568,885.472,204.779,400.548,1,1,1,1,29.869,-23.894,32.049,-11.169,17.622,14.326,14.326,27.996,17.622,14.326,14.326,27.996,17.622,14.326,14.326,27.996,17.622,14.326,14.326,27.996,685.020,302.663,2.987,10.440,35.244,35.244,0,2119992655656,True,510.000,875.000,212.000,375.000
13.800,2119992653472,19,0.284,487.856,883.694,206.574,397.932,1,1,1,1,31.579,-24.565,32.468,-12.940,17.279,14.112,14.112,27.906,17.279,14.112,14.112,27.906,17.279,14.112,14.112,27.906,17.279,14.112,14.112,27.906,685.775,302.253,3.507,9.764,34.558,34.558,0,2119992655656,True,510.000,875.000,212.000,375.000
13.840,2119992653472,19,0.284,490.892,882.057,208.223,395.512,1,1,1,1,33.034,-25.102,32.756,-14.501,16.978,13.935,13.935,27.845,16.978,13.935,13.935,27.845,16.978,13.935,13.935,27.845,16.978,13.935,13.935,27.845,686.474,301.868,3.966,9.127,33.955,33.955,0,2119992655656,True,510.000,875.000,212.000,375.000
13.880,2119992653472,19,0.284,493.700,880.547,209.740,393.266,1,1,1,1,34.260,-25.520,32.926,-15.876,16.713,13.791,13.791,27.807,16.713,13.791,13.791,27.807,16.713,13.791,13.791,27.807,16.713,13.791,13.791,27.807,687.123,301.503,4.370,8.525,33.426,33.426,0,2119992655656,True,510.000,875.000,212.000,375.000
13.920,2119992653472,19,0.284,496.300,879.153,211.134,391.178,1,1,1,1,35.281,-25.829,32.990,-17.081,16.481,13.676,13.676,27.788,16.481,13.676,13.676,27.788,16.481,13.676,13.676,27.788,16.481,13.676,13.676,27.788,687.727,301.156,4.726,7.955,32.961,32.961,0,2119992655656,True,510.000,875.000,212.000,375.000
13.960,2119992653472,19,0.284,498.712,877.866,212.417,389.234,1,1,1,1,36.116,-26.041,32.960,-18.134,16.277,13.584,13.584,27.784,16.277,13.584,13.584,27.784,16.277,13.584,13.584,27.784,16.277,13.584,13.584,27.784,688.289,300.826,5.037,7.413,32.554,32.554,0,2119992655656,True,510.000,875.000,212.000,375.000
14.000,2119992653472,19,0.284,500.949,876.677,213.596,387.421,1,1,1,1,36.781,-26.164,32.842,-19.046,16.099,13.512,13.512,27.791,16.099,13.512,13.512,27.791,16.099,13.512,13.512,27.791,16.099,13.512,13.512,27.791,688.813,300.509,5.308,6.898,32.198,32.198,0,2119992655656,True,510.000,875.000,212.000,375.000
14.040,2119992653472,19,0.284,503.024,875.581,214.678,385.730,1,1,1,1,37.291,-26.207,32.647,-19.831,15.943,13.458,13.458,27.807,15.943,13.458,13.458,27.807,15.943,13.458,13.458,27.807,15.943,13.458,13.458,27.807,689.302,300.204,5.542,6.408,31.887,31.887,0,2119992655656,True,510.000,875.000,212.000,375.000
14.080,2119992653472,19,0.284,504.949,874.569,215.669,384.151,1,1,1,1,37.659,-26.176,32.379,-20.498,15.808,13.419,13.419,27.829,15.808,13.419,13.419,27.829,15.808,13.419,13.419,27.829,15.808,13.419,13.419,27.829,689.759,299.910,5.742,5.941,31.616,31.616,0,2119992655656,True,510.000,875.000,212.000,375.000
14.120,2119992653472,19,0.284,506.734,873.638,216.574,382.678,1,1,1,1,37.896,-26.077,32.047,-21.056,15.690,13.392,13.392,27.856,15.690,13.392,13.392,27.856,15.690,13.392,13.392,27.856,15.690,13.392,13.392,27.856,690.186,299.626,5.910,5.496,31.380,31.380,0,2119992655656,True,510.000,875.000,212.000,375.000
14.160,2119992653472,19,0.284,508.386,872.783,217.400,381.303,1,1,1,1,38.013,-25.916,31.655,-21.513,15.588,13.375,13.375,27.886,15.588,13.375,13.375,27.886,15.588,13.375,13.375,27.886,15.588,13.375,13.375,27.886,690.584,299.351,6.049,5.071,31.177,31.177,0,2119992655656,True,510.000,875.000,212.000,375.000
14.200,2119992653472,19,0.284,509.914,871.998,218.149,380.021,1,1,1,1,38.019,-25.698,31.210,-21.876,15.501,13.368,13.368,27.918,15.501,13.368,13.368,27.918,15.501,13.368,13.368,27.918,15.501,13.368,13.368,27.918,690.956,299.085,6.161,4.667,31.001,31.001,0,2119992655656,True,510.000,875.000,212.000,375.000
14.240,2119992653472,19,0.284,511.324,871.281,218.827,378.826,1,1,1,1,37.924,-25.429,30.715,-22.154,15.426,13.367,13.367,27.950,15.426,13.367,13.367,27.950,15.426,13.367,13.367,27.950,15.426,13.367,13.367,27.950,691.302,298.826,6.247,4.281,30.851,30.851,0,2119992655656,True,510.000,875.000,212.000,375.000
14.280,2119992653472,19,0.284,512.623,870.628,219.437,377.714,1,1,1,1,37.734,-25.112,30.177,-22.350,15.362,13.373,13.373,27.981,15.362,13.373,13.373,27.981,15.362,13.373,13.373,27.981,15.362,13.373,13.373,27.981,691.625,298.575,6.311,3.913,30.723,30.723,0,2119992655656,True,510.000,875.000,212.000,375.000
14.320,2119992653472,19,0.284,513.816,870.035,219.982,376.681,1,1,1,1,37.457,-24.752,29.598,-22.472,15.308,13.383,13.383,28.011,15.308,13.383,13.383,28.011,15.308,13.383,13.383,28.011,15.308,13.383,13.383,28.011,691.925,298.332,6.352,3.563,30.615,30.615,0,2119992655656,True,510.000,875.000,212.000,375.000
14.360,2119992653472,19,0.284,514.909,869.499,220.467,375.722,1,1,1,1,37.101,-24.354,28.984,-22.524,15.262,13.396,13.396,28.040,15.262,13.396,13.396,28.040,15.262,13.396,13.396,28.040,15.262,13.396,13.396,28.040,692.204,298.094,6.374,3.230,30.524,30.524,0,2119992655656,True,510.000,875.000,212.000,375.000
14.400,2119992653472,19,0.284,515.906,869.018,220.894,374.835,1,1,1,1,36.672,-23.919,28.339,-22.512,15.224,13.413,13.413,28.066,15.224,13.413,13.413,28.066,15.224,13.413,13.413,28.066,15.224,13.413,13.413,28.066,692.462,297.864,6.377,2.913,30.449,30.449,0,2119992655656,True,510.000,875.000,212.000,375.000
14.440,2119992653472,19,0.284,516.813,868.588,221.265,374.015,1,1,1,1,36.177,-23.453,27.665,-22.441,15.193,13.431,13.431,28.090,15.193,13.431,13.431,28.090,15.193,13.431,13.431,28.090,15.193,13.431,13.431,28.090,692.700,297.640,6.362,2.612,30.386,30.386,0,2119992655656,True,510.000,875.000,212.000,375.000
14.480,2119992653472,19,0.284,517.633,868.207,221.585,373.260,1,1,1,1,35.622,-22.959,26.968,-22.314,15.168,13.451,13.451,28.111,15.168,13.451,13.451,28.111,15.168,13.451,13.451,28.111,15.168,13.451,13.451,28.111,692.920,297.423,6.331,2.327,30.336,30.336,0,2119992655656,True,510.000,875.000,212.000,375.000
14.520,2119992653472,19,0.284,518.372,867.873,221.856,372.567,1,1,1,1,35.012,-22.440,26.249,-22.137,15.148,13.472,13.472,28.129,15.148,13.472,13.472,28.129,15.148,13.472,13.472,28.129,15.148,13.472,13.472,28.129,693.123,297.212,6.286,2.056,30.295,30.295,0,2119992655656,True,510.000,875.000,212.000,375.000
14.560,2119992653472,19,0.284,519.033,867.583,222.081,371.933,1,1,1,1,34.352,-21.898,25.514,-21.913,15.132,13.492,13.492,28.145,15.132,13.492,13.492,28.145,15.132,13.492,13.492,28.145,15.132,13.492,13.492,28.145,693.308,297.007,6.227,1.800,30.264,30.264,0,2119992655656,True,510.000,875.000,212.000,375.000
14.600,2119992653472,19,0.284,519.621,867.334,222.262,371.354,1,1,1,1,33.649,-21.338,24.764,-21.646,15.120,13.513,13.513,28.157,15.120,13.513,13.513,28.157,15.120,13.513,13.513,28.157,15.120,13.513,13.513,28.157,693.477,296.808,6.156,1.559,30.240,30.240,0,2119992655656,True,510.000,875.000,212.000,375.000
14.640,2119992653472,19,0.284,520.138,867.124,222.403,370.829,1,1,1,1,32.907,-20.761,24.002,-21.341,15.111,13.533,13.533,28.166,15.111,13.533,13.533,28.166,15.111,13.533,13.533,28.166,15.111,13.533,13.533,28.166,693.631,296.616,6.073,1.330,30.222,30.222,0,2119992655656,True,510.000,875.000,212.000,375.000
14.680,2119992653472,19,0.284,520.589,866.951,222.505,370.355,1,1,1,1,32.131,-20.171,23.232,-21.001,15.105,13.553,13.553,28.173,15.105,13.553,13.553,28.173,15.105,13.553,13.553,28.173,15.105,13.553,13.553,28.173,693.770,296.430,5.980,1.116,30.209,30.209,0,2119992655656,True,510.000,875.000,212.000,375.000
14.720,2119992653472,19,0.284,520.978,866.813,222.571,369.929,1,1,1,1,31.325,-19.570,22.456,-20.628,15.101,13.571,13.571,28.177,15.101,13.571,13.571,28.177,15.101,13.571,13.571,28.177,15.101,13.571,13.571,28.177,693.895,296.250,5.877,0.914,30.201,30.201,0,2119992655656,True,510.000,875.000,212.000,375.000
14.760,2119992653472,19,0.284,521.308,866.707,222.603,369.549,1,1,1,1,30.494,-18.961,21.677,-20.228,15.099,13.589,13.589,28.178,15.099,13.589,13.589,28.178,15.099,13.589,13.589,28.178,15.099,13.589,13.589,28.178,694.007,296.076,5.767,0.725,30.197,30.197,0,2119992655656,True,510.000,875.000,212.000,375.000
14.800,2119992653472,19,0.284,521.582,866.632,222.604,369.213,1,1,1,1,29.642,-18.345,20.897,-19.802,15.098,13.605,13.605,28.177,15.098,13.605,13.605,28.177,15.098,13.605,13.605,28.177,15.098,13.605,13.605,28.177,694.107,295.908,5.648,0.547,30.196,30.196,0,2119992655656,True,510.000,875.000,212.000,375.000
14.840,2119992653472,19,0.284,521.803,866.585,222.577,368.917,1,1,1,1,28.772,-17.725,20.118,-19.354,15.099,13.620,13.620,28.174,15.099,13.620,13.620,28.174,15.099,13.620,13.620,28.174,15.099,13.620,13.620,28.174,694.194,295.747,5.524,0.382,30.197,30.197,0,2119992655656,True,510.000,875.000,212.000,375.000
14.880,2119992653472,19,0.284,521.976,866.565,222.522,368.661,1,1,1,1,27.889,-17.103,19.342,-18.887,15.100,13.633,13.633,28.169,15.100,13.633,13.633,28.169,15.100,13.633,13.633,28.169,15.100,13.633,13.633,28.169,694.271,295.591,5.393,0.228,30.200,30.200,0,2119992655656,True,510.000,875.000,212.000,375.000
14.920,2119992653472,19,0.284,522.103,866.570,222.443,368.441,1,1,1,1,26.996,-16.481,18.571,-18.403,15.102,13.646,13.646,28.162,15.102,13.646,13.646,28.162,15.102,13.646,13.646,28.162,15.102,13.646,13.646,28.162,694.336,295.442,5.257,0.084,30.205,30.205,0,2119992655656,True,510.000,875.000,212.000,375.000
14.960,2119992653472,19,0.284,522.187,866.597,222.341,368.256,1,1,1,1,26.096,-15.861,17.807,-17.904,15.105,13.656,13.656,28.153,15.105,13.656,13.656,28.153,15.105,13.656,13.656,28.153,15.105,13.656,13.656,28.153,694.392,295.298,5.118,-0.049,30.210,30.210,0,2119992655656,True,510.000,875.000,212.000,375.000
15.000,2119992653472,19,0.284,522.232,866.645,222.218,368.103,1,1,1,1,25.192,-15.243,17.052,-17.395,15.108,13.666,13.666,28.143,15.108,13.666,13.666,28.143,15.108,13.666,13.666,28.143,15.108,13.666,13.666,28.143,694.438,295.161,4.974,-0.171,30.216,30.216,0,2119992655656,True,510.000,875.000,212.000,375.000
15.040,2119992653472,19,0.284,522.239,866.713,222.077,367.981,1,1,1,1,24.287,-14.630,16.307,-16.876,15.111,13.674,13.674,28.131,15.111,13.674,13.674,28.131,15.111,13.674,13.674,28.131,15.111,13.674,13.674,28.131,694.476,295.029,4.828,-0.284,30.223,30.223,0,2119992655656,True,510.000,875.000,212.000,375.000
15.080,2119992653472,19,0.284,522.212,866.798,221.918,367.888,1,1,1,1,23.383,-14.023,15.573,-16.349,15.115,13.681,13.681,28.119,15.115,13.681,13.681,28.119,15.115,13.681,13.681,28.119,15.115,13.681,13.681,28.119,694.505,294.903,4.680,-0.388,30.229,30.229,0,2119992655656,True,510.000,875.000,212.000,375.000
15.120,2119992653472,19,0.284,522.154,866.899,221.744,367.821,1,1,1,1,22.483,-13.424,14.852,-15.818,15.118,13.686,13.686,28.106,15.118,13.686,13.686,28.106,15.118,13.686,13.686,28.106,15.118,13.686,13.686,28.106,694.527,294.782,4.530,-0.483,30.236,30.236,0,2119992655656,True,510.000,875.000,212.000,375.000
15.160,2119992653472,19,0.284,522.066,867.016,221.557,367.779,1,1,1,1,21.590,-12.832,14.144,-15.283,15.121,13.691,13.691,28.092,15.121,13.691,13.691,28.092,15.121,13.691,13.691,28.092,15.121,13.691,13.691,28.092,694.541,294.668,4.379,-0.570,30.242,30.242,0,2119992655656,True,510.000,875.000,212.000,375.000
15.200,2119992653472,19,0.284,521.952,867.145,221.357,367.760,1,1,1,1,20.704,-12.250,13.451,-14.747,15.124,13.694,13.694,28.078,15.124,13.694,13.694,28.078,15.124,13.694,13.694,28.078,15.124,13.694,13.694,28.078,694.548,294.558,4.227,-0.648,30.248,30.248,0,2119992655656,True,510.000,875.000,212.000,375.000
15.240,2119992653472,19,0.284,521.814,867.286,221.147,367.762,1,1,1,1,19.829,-11.679,12.773,-14.210,15.127,13.697,13.697,28.063,15.127,13.697,13.697,28.063,15.127,13.697,13.697,28.063,15.127,13.697,13.697,28.063,694.550,294.454,4.075,-0.719,30.253,30.253,0,2119992655656,True,510.000,875.000,212.000,375.000
15.280,2119992653472,19,0.284,521.653,867.438,220.927,367.784,1,1,1,1,18.966,-11.119,12.112,-13.676,15.129,13.698,13.698,28.048,15.129,13.698,13.698,28.048,15.129,13.698,13.698,28.048,15.129,13.698,13.698,28.048,694.545,294.356,3.924,-0.782,30.259,30.259,0,2119992655656,True,510.000,875.000,212.000,375.000
15.320,2119992653472,19,0.347,520.943,866.086,220.472,367.068,1,1,1,1,17.636,-11.940,11.262,-13.829,15.131,13.699,13.699,28.033,15.131,13.699,13.699,28.033,15.131,13.699,13.699,28.033,15.131,13.699,13.699,28.033,693.514,293.770,2.848,-1.284,30.263,30.263,0,2119992655656,True,503.000,855.000,209.000,365.000
15.360,2119992653472,19,0.397,521.221,863.443,220.323,365.870,1,1,1,1,17.249,-13.900,10.719,-14.412,15.133,13.699,13.699,28.018,15.133,13.699,13.699,28.018,15.133,13.699,13.699,28.018,15.133,13.699,13.699,28.018,692.332,293.097,1.675,-1.847,30.267,30.267,0,2119992655656,True,516.000,837.000,213.000,358.000
15.400,2119992653472,19,0.284,518.967,862.366,220.317,365.045,1,1,1,1,14.584,-14.371,10.325,-14.638,15.135,13.698,13.698,28.003,15.135,13.698,13.698,28.003,15.135,13.698,13.698,28.003,15.135,13.698,13.698,28.003,690.666,292.681,0.106,-2.156,30.270,30.270,0,2119992655656,True,483.000,856.000,215.000,362.000
15.440,2119992653472,19,0.284,516.784,861.353,220.296,364.273,1,1,1,1,12.081,-14.768,9.933,-14.806,15.136,13.697,13.697,27.988,15.136,13.697,13.697,27.988,15.136,13.697,13.697,27.988,15.136,13.697,13.697,27.988,689.068,292.285,-1.343,-2.437,30.273,30.273,0,2119992655656,True,483.000,856.000,215.000,362.000
15.480,2119992653472,19,0.284,514.673,860.402,220.263,363.554,1,1,1,1,9.735,-15.094,9.543,-14.921,15.137,13.695,13.695,27.973,15.137,13.695,13.695,27.973,15.137,13.695,13.695,27.973,15.137,13.695,13.695,27.973,687.538,291.908,-2.680,-2.689,30.275,30.275,0,2119992655656,True,483.000,856.000,215.000,362.000
15.520,2119992653472,19,0.284,512.636,859.511,220.217,362.884,1,1,1,1,7.540,-15.354,9.156,-14.987,15.138,13.693,13.693,27.959,15.138,13.693,13.693,27.959,15.138,13.693,13.693,27.959,15.138,13.693,13.693,27.959,686.073,291.551,-3.907,-2.915,30.276,30.276,0,2119992655656,True,483.000,856.000,215.000,362.000
15.560,2119992653472,19,0.284,510.672,858.677,220.161,362.263,1,1,1,1,5.490,-15.552,8.774,-15.006,15.138,13.690,13.690,27.945,15.138,13.690,13.690,27.945,15.138,13.690,13.690,27.945,15.138,13.690,13.690,27.945,684.674,291.212,-5.031,-3.116,30.277,30.277,0,2119992655656,True,483.000,856.000,215.000,362.000
15.600,2119992653472,19,0.284,508.780,857.900,220.094,361.688,1,1,1,1,3.582,-15.693,8.397,-14.983,15.139,13.687,13.687,27.932,15.139,13.687,13.687,27.932,15.139,13.687,13.687,27.932,15.139,13.687,13.687,27.932,683.340,290.891,-6.056,-3.293,30.277,30.277,0,2119992655656,True,483.000,856.000,215.000,362.000
15.640,2119992653472,19,0.284,506.961,857.176,220.019,361.158,1,1,1,1,1.808,-15.780,8.025,-14.921,15.139,13.684,13.684,27.919,15.139,13.684,13.684,27.919,15.139,13.684,13.684,27.919,15.139,13.684,13.684,27.919,682.068,290.589,-6.986,-3.448,30.277,30.277,0,2119992655656,True,483.000,856.000,215.000,362.000
15.680,2119992653472,19,0.284,505.214,856.503,219.936,360.670,1,1,1,1,0.164,-15.817,7.660,-14.822,15.138,13.680,13.680,27.907,15.138,13.680,13.680,27.907,15.138,13.680,13.680,27.907,15.138,13.680,13.680,27.907,680.859,290.303,-7.826,-3.581,30.277,30.277,0,2119992655656,True,483.000,856.000,215.000,362.000
15.720,2119992653472,19,0.284,503.539,855.880,219.846,360.223,1,1,1,1,-1.355,-15.808,7.302,-14.691,15.138,13.676,13.676,27.895,15.138,13.676,13.676,27.895,15.138,13.676,13.676,27.895,15.138,13.676,13.676,27.895,679.710,290.034,-8.582,-3.695,30.275,30.275,0,2119992655656,True,483.000,856.000,215.000,362.000
15.760,2119992653472,19,0.284,501.934,855.305,219.749,359.814,1,1,1,1,-2.756,-15.757,6.950,-14.529,15.137,13.673,13.673,27.884,15.137,13.673,13.673,27.884,15.137,13.673,13.673,27.884,15.137,13.673,13.673,27.884,678.620,289.782,-9.256,-3.789,30.274,30.274,0,2119992655656,True,483.000,856.000,215.000,362.000
15.800,2119992653472,19,0.284,500.400,854.775,219.647,359.442,1,1,1,1,-4.042,-15.666,6.607,-14.340,15.136,13.669,13.669,27.873,15.136,13.669,13.669,27.873,15.136,13.669,13.669,27.873,15.136,13.669,13.669,27.873,677.587,289.544,-9.854,-3.867,30.272,30.272,0,2119992655656,True,483.000,856.000,215.000,362.000
15.840,2119992653472,19,0.284,498.933,854.288,219.539,359.106,1,1,1,1,-5.220,-15.540,6.271,-14.126,15.135,13.665,13.665,27.863,15.135,13.665,13.665,27.863,15.135,13.665,13.665,27.863,15.135,13.665,13.665,27.863,676.611,289.322,-10.380,-3.927,30.270,30.270,0,2119992655656,True,483.000,856.000,215.000,362.000
15.880,2119992653472,19,0.284,497.535,853.843,219.428,358.802,1,1,1,1,-6.294,-15.380,5.944,-13.890,15.134,13.661,13.661,27.854,15.134,13.661,13.661,27.854,15.134,13.661,13.661,27.854,15.134,13.661,13.661,27.854,675.689,289.115,-10.837,-3.973,30.268,30.268,0,2119992655656,True,483.000,856.000,215.000,362.000
15.920,2119992653472,19,0.284,497.283,853.228,219.665,358.247,1,1,1,1,-6.294,-15.380,5.944,-13.890,16.371,14.775,14.775,28.854,16.371,14.775,14.775,28.854,16.371,14.775,14.775,28.854,16.371,14.775,14.775,28.854,675.256,288.956,-10.837,-3.973,32.743,32.743,1,2119992655656,False,483.000,856.000,215.000,362.000
15.960,2119992653472,19,0.284,497.031,852.613,219.903,357.691,1,1,1,1,-6.294,-15.380,5.944,-13.890,17.700,15.929,15.929,29.854,17.700,15.929,15.929,29.854,17.700,15.929,15.929,29.854,17.700,15.929,15.929,29.854,674.822,288.797,-10.837,-3.973,35.399,35.399,2,2119992655656,False,483.000,856.000,215.000,362.000
16.000,2119992653472,19,0.284,496.779,851.998,220.141,357.136,1,1,1,1,-6.294,-15.380,5.944,-13.890,19.122,17.124,17.124,30.854,19.122,17.124,17.124,30.854,19.122,17.124,17.124,30.854,19.122,17.124,17.124,30.854,674.389,288.638,-10.837,-3.973,38.243,38.243,3,2119992655656,False,483.000,856.000,215.000,362.000
16.040,2119992653472,19,0.284,496.528,851.382,220.379,356.580,1,1,1,1,-6.294,-15.380,5.944,-13.890,20.641,18.358,18.358,31.854,20.641,18.358,18.358,31.854,20.641,18.358,18.358,31.854,20.641,18.358,18.358,31.854,673.955,288.479,-10.837,-3.973,41.282,41.282,4,2119992655656,False,483.000,856.000,215.000,362.000
16.080,2119992653472,19,0.284,496.276,850.767,220.616,356.024,1,1,1,1,-6.294,-15.380,5.944,-13.890,22.261,19.632,19.632,32.854,22.261,19.632,19.632,32.854,22.261,19.632,19.632,32.854,22.261,19.632,19.632,32.854,673.522,288.320,-10.837,-3.973,44.521,44.521,5,2119992655656,False,483.000,856.000,215.000,362.000
16.120,2119992653472,19,0.284,496.024,850.152,220.854,355.469,1,1,1,1,-6.294,-15.380,5.944,-13.890,23.984,20.946,20.946,33.854,23.984,20.946,20.946,33.854,23.984,20.946,20.946,33.854,23.984,20.946,20.946,33.854,673.088,288.161,-10.837,-3.973,47.967,47.967,6,2119992655656,False,483.000,856.000,215.000,362.000
16.160,2119992653472,19,0.284,495.772,849.537,221.092,354.913,1,1,1,1,-6.294,-15.380,5.944,-13.890,25.814,22.300,22.300,34.854,25.814,22.300,22.300,34.854,25.814,22.300,22.300,34.854,25.814,22.300,22.300,34.854,672.655,288.003,-10.837,-3.973,51.627,51.627,7,2119992655656,False,483.000,856.000,215.000,362.000
16.200,2119992653472,19,0.284,495.521,848.922,221.330,354.358,1,1,1,1,-6.294,-15.380,5.944,-13.890,27.753,23.694,23.694,35.854,27.753,23.694,23.694,35.854,27.753,23.694,23.694,35.854,27.753,23.694,23.694,35.854,672.221,287.844,-10.837,-3.973,55.507,55.507,8,2119992655656,False,483.000,856.000,215.000,362.000
16.240,2119992653472,19,0.284,495.269,848.306,221.567,353.802,1,1,1,1,-6.294,-15.380,5.944,-13.890,29.806,25.128,25.128,36.854,29.806,25.128,25.128,36.854,29.806,25.128,25.128,36.854,29.806,25.128,25.128,36.854,671.788,287.685,-10.837,-3.973,59.612,59.612,9,2119992655656,False,483.000,856.000,215.000,362.000
16.280,2119992653472,19,0.284,495.017,847.691,221.805,353.246,1,1,1,1,-6.294,-15.380,5.944,-13.890,31.975,26.603,26.603,37.854,31.975,26.603,26.603,37.854,31.975,26.603,26.603,37.854,31.975,26.603,26.603,37.854,671.354,287.526,-10.837,-3.973,63.951,63.951,10,2119992655656,False,483.000,856.000,215.000,362.000
16.320,2119992653472,19,0.289,499.041,844.725,215.309,348.348,1,1,1,1,-2.785,-17.310,0.418,-17.454,29.253,24.004,24.004,35.479,29.253,24.004,24.004,35.479,29.253,24.004,24.004,35.479,29.253,24.004,24.004,35.479,671.883,281.828,-10.048,-8.518,58.505,58.505,0,2119992655656,True,524.000,831.000,176.000,323.000
16.360,2119992653472,19,0.289,498.930,844.032,215.325,347.650,1,1,1,1,-2.785,-17.310,0.418,-17.454,31.330,25.423,25.423,36.479,31.330,25.423,25.423,36.479,31.330,25.423,25.423,36.479,31.330,25.423,25.423,36.479,671.481,281.488,-10.048,-8.518,62.659,62.659,1,2119992655656,False,524.000,831.000,176.000,323.000
16.400,2119992653472,19,0.289,498.818,843.340,215.342,346.952,1,1,1,1,-2.785,-17.310,0.418,-17.454,33.522,26.883,26.883,37.479,33.522,26.883,26.883,37.479,33.522,26.883,26.883,37.479,33.522,26.883,26.883,37.479,671.079,281.147,-10.048,-8.518,67.044,67.044,2,2119992655656,False,524.000,831.000,176.000,323.000
16.440,2119992653472,19,0.289,498.707,842.647,215.359,346.254,1,1,1,1,-2.785,-17.310,0.418,-17.454,35.833,28.382,28.382,38.479,35.833,28.382,28.382,38.479,35.833,28.382,28.382,38.479,35.833,28.382,28.382,38.479,670.677,280.806,-10.048,-8.518,71.665,71.665,3,2119992655656,False,524.000,831.000,176.000,323.000
16.480,2119992653472,19,0.340,491.434,838.911,208.088,341.773,1,1,1,1,-8.385,-19.690,-5.280,-20.412,32.119,25.116,25.116,35.722,32.119,25.116,25.116,35.722,32.119,25.116,25.116,35.722,32.119,25.116,25.116,35.722,665.172,274.930,-14.038,-12.846,64.239,64.239,0,2119992655656,True,454.000,823.000,170.000,322.000
16.520,2119992653472,19,0.340,491.098,838.123,207.877,340.956,1,1,1,1,-8.385,-19.690,-5.280,-20.412,34.286,26.545,26.545,36.722,34.286,26.545,26.545,36.722,34.286,26.545,26.545,36.722,34.286,26.545,26.545,36.722,664.611,274.417,-14.038,-12.846,68.572,68.572,1,2119992655656,False,454.000,823.000,170.000,322.000
16.560,2119992653472,19,0.340,490.763,837.336,207.666,340.140,1,1,1,1,-8.385,-19.690,-5.280,-20.412,36.568,28.013,28.013,37.722,36.568,28.013,28.013,37.722,36.568,28.013,28.013,37.722,36.568,28.013,28.013,37.722,664.049,273.903,-14.038,-12.846,73.136,73.136,2,2119992655656,False,454.000,823.000,170.000,322.000
16.600,2119992653472,19,0.340,490.427,836.548,207.455,339.323,1,1,1,1,-8.385,-19.690,-5.280,-20.412,38.970,29.522,29.522,38.722,38.970,29.522,29.522,38.722,38.970,29.522,29.522,38.722,38.970,29.522,29.522,38.722,663.488,273.389,-14.038,-12.846,77.939,77.939,3,2119992655656,False,454.000,823.000,170.000,322.000
16.640,2119992653472,19,0.340,490.092,835.761,207.243,338.507,1,1,1,1,-8.385,-19.690,-5.280,-20.412,41.493,31.071,31.071,39.722,41.493,31.071,31.071,39.722,41.493,31.071,31.071,39.722,41.493,31.071,31.071,39.722,662.926,272.875,-14.038,-12.846,82.987,82.987,4,2119992655656,False,454.000,823.000,170.000,322.000
16.680,2119992653472,19,0.340,489.757,834.973,207.032,337.690,1,1,1,1,-8.385,-19.690,-5.280,-20.412,44.143,32.660,32.660,40.722,44.143,32.660,32.660,40.722,44.143,32.660,32.660,40.722,44.143,32.660,32.660,40.722,662.365,272.361,-14.038,-12.846,88.285,88.285,5,2119992655656,False,454.000,823.000,170.000,322.000
16.720,2119992653472,19,0.340,489.421,834.185,206.821,336.874,1,1,1,1,-8.385,-19.690,-5.280,-20.412,46.921,34.289,34.289,41.722,46.921,34.289,34.289,41.722,46.921,34.289,34.289,41.722,46.921,34.289,34.289,41.722,661.803,271.847,-14.038,-12.846,93.841,93.841,6,2119992655656,False,454.000,823.000,170.000,322.000
16.760,2119992653472,19,0.340,489.086,833.398,206.610,336.057,1,1,1,1,-8.385,-19.690,-5.280,-20.412,49.830,35.958,35.958,42.722,49.830,35.958,35.958,42.722,49.830,35.958,35.958,42.722,49.830,35.958,35.958,42.722,661.242,271.334,-14.038,-12.846,99.661,99.661,7,2119992655656,False,454.000,823.000,170.000,322.000
16.800,2119992653472,19,0.340,488.750,832.610,206.399,335.241,1,1,1,1,-8.385,-19.690,-5.280,-20.412,52.875,37.667,37.667,43.722,52.875,37.667,37.667,43.722,52.875,37.667,37.667,43.722,52.875,37.667,37.667,43.722,660.680,270.820,-14.038,-12.846,105.751,105.751,8,2119992655656,False,454.000,823.000,170.000,322.000
16.840,2119992653472,19,0.340,488.415,831.822,206.187,334.424,1,1,1,1,-8.385,-19.690,-5.280,-20.412,56.059,39.415,39.415,44.722,56.059,39.415,39.415,44.722,56.059,39.415,39.415,44.722,56.059,39.415,39.415,44.722,660.119,270.306,-14.038,-12.846,112.117,112.117,9,2119992655656,False,454.000,823.000,170.000,322.000
16.880,2119992653472,19,0.340,488.080,831.035,205.976,333.608,1,1,1,1,-8.385,-19.690,-5.280,-20.412,59.383,41.204,41.204,45.722,59.383,41.204,41.204,45.722,59.383,41.204,41.204,45.722,59.383,41.204,41.204,45.722,659.557,269.792,-14.038,-12.846,118.767,118.767,10,2119992655656,False,454.000,823.000,170.000,322.000
16.920,2119992653472,19,0.340,487.744,830.247,205.765,332.792,1,1,1,1,-8.385,-19.690,-5.280,-20.412,62.853,43.033,43.033,46.722,62.853,43.033,43.033,46.722,62.853,43.033,43.033,46.722,62.853,43.033,43.033,46.722,658.996,269.278,-14.038,-12.846,125.706,125.706,11,2119992655656,False,454.000,823.000,170.000,322.000
16.920,2119992163520,19,0.884,500.000,613.000,337.000,524.000,1,1,1,1,0.000,0.000,0.000,0.000,200.000,0.000,0.000,10000.000,200.000,0.000,0.000,10000.000,200.000,0.000,0.000,10000.000,200.000,0.000,0.000,10000.000,556.500,430.500,0.000,0.000,400.000,400.000,0,2119992162008,False,500.000,613.000,337.000,524.000
16.960,2119992653472,19,0.340,487.409,829.460,205.554,331.975,1,1,1,1,-8.385,-19.690,-5.280,-20.412,66.470,44.902,44.902,47.722,66.470,44.902,44.902,47.722,66.470,44.902,44.902,47.722,66.470,44.902,44.902,47.722,658.434,268.764,-14.038,-12.846,132.941,132.941,12,2119992655656,False,454.000,823.000,170.000,322.000
16.960,2119992163520,19,0.850,500.000,615.077,337.000,523.481,1,1,1,1,0.000,3.845,0.000,-0.961,103.869,192.261,192.261,9616.477,103.869,192.261,192.261,9616.477,103.869,192.261,192.261,9616.477,103.869,192.261,192.261,9616.477,557.539,430.240,1.923,-0.481,207.739,207.739,0,2119992162008,True,500.000,617.000,337.000,523.000
17.000,2119992653472,19,0.340,487.073,828.672,205.343,331.159,1,1,1,1,-8.385,-19.690,-5.280,-20.412,70.239,46.811,46.811,48.722,70.239,46.811,46.811,48.722,70.239,46.811,46.811,48.722,70.239,46.811,46.811,48.722,657.873,268.251,-14.038,-12.846,140.478,140.478,13,2119992655656,False,454.000,823.000,170.000,322.000
17.000,2119992163520,19,0.839,499.195,615.541,339.818,525.679,1,1,1,1,-3.447,5.170,12.065,8.618,80.503,344.701,344.701,8623.151,80.503,344.701,344.701,8623.151,80.503,344.701,344.701,8623.151,80.503,344.701,344.701,8623.151,557.368,432.748,0.862,10.341,161.006,161.006,0,2119992162008,True,498.000,616.000,344.000,529.000
