time,id,x_min_p,x_max_p,y_min_p,y_max_p,x_min_m,x_max_m,y_min_m,y_max_m,x_min_c,x_max_c,y_min_c,y_max_c,distance,count
0.04,1,569.00,811.00,573.00,721.00,573.00,811.00,572.00,721.00,573.00,811.00,572.00,721.00,1.25,1
0.04,2,804.00,986.00,298.00,440.00,815.00,994.00,305.00,447.00,815.00,994.00,305.00,447.00,8.25,2
0.04,3,520.00,724.00,379.00,522.00,521.00,730.00,384.00,531.00,521.00,730.00,384.00,531.00,5.25,3
0.04,4,593.00,741.00,205.00,304.00,595.00,743.00,204.00,306.00,595.00,743.00,204.00,306.00,1.75,4
0.04,5,415.00,585.00,267.00,382.00,417.00,589.00,276.00,385.00,417.00,589.00,276.00,385.00,4.50,5
0.04,6,311.00,429.00,200.00,286.00,310.00,429.00,205.00,283.00,310.00,429.00,205.00,283.00,2.25,6
0.08,1,577.00,811.00,571.00,721.00,573.00,823.00,578.00,722.00,573.00,823.00,578.00,722.00,6.00,1
0.08,2,826.00,1002.00,312.00,454.00,819.00,997.00,308.00,448.00,819.00,997.00,308.00,448.00,5.50,2
0.08,3,522.00,736.00,389.00,540.00,523.00,729.00,384.00,531.00,523.00,729.00,384.00,531.00,5.50,3
0.08,4,597.00,745.00,203.00,308.00,597.00,754.00,204.00,307.00,597.00,754.00,204.00,307.00,2.75,4
0.08,5,419.00,593.00,285.00,388.00,416.00,595.00,272.00,382.00,416.00,595.00,272.00,382.00,6.00,5
0.08,6,309.00,429.00,210.00,280.00,316.00,427.00,203.00,282.00,316.00,427.00,203.00,282.00,4.50,6
0.12,1,573.00,835.00,584.00,723.00,570.00,826.00,589.00,721.00,570.00,826.00,589.00,721.00,4.75,1
0.12,2,823.00,1000.00,311.00,449.00,823.00,1003.00,314.00,461.00,823.00,1003.00,314.00,461.00,4.50,2
0.12,3,525.00,728.00,384.00,531.00,524.00,735.00,387.00,537.00,524.00,735.00,387.00,537.00,4.25,3
0.12,4,599.00,765.00,204.00,308.00,605.00,751.00,211.00,306.00,605.00,751.00,211.00,306.00,7.25,4
0.12,5,415.00,601.00,268.00,379.00,422.00,603.00,281.00,383.00,422.00,603.00,281.00,383.00,6.50,5
0.12,6,322.00,425.00,201.00,281.00,313.00,434.00,197.00,281.00,313.00,434.00,197.00,281.00,5.50,6
0.12,7,204.00,301.00,180.00,239.00,207.00,302.00,178.00,240.00,207.00,302.00,178.00,240.00,1.75,7
0.16,1,567.00,829.00,600.00,720.00,564.00,833.00,601.00,724.00,564.00,833.00,601.00,724.00,3.00,1
0.16,2,827.00,1009.00,320.00,474.00,831.00,1008.00,320.00,465.00,831.00,1008.00,320.00,465.00,3.50,2
0.16,3,525.00,741.00,390.00,543.00,535.00,733.00,392.00,545.00,535.00,733.00,392.00,545.00,5.50,3
0.16,4,613.00,748.00,218.00,305.00,604.00,756.00,206.00,305.00,604.00,756.00,206.00,305.00,7.25,4
0.16,5,428.00,611.00,290.00,384.00,435.00,607.00,290.00,406.00,435.00,607.00,290.00,406.00,8.25,5
0.16,6,310.00,441.00,191.00,280.00,309.00,437.00,197.00,283.00,309.00,437.00,197.00,283.00,3.50,6
0.16,7,210.00,303.00,176.00,241.00,206.00,298.00,178.00,240.00,206.00,298.00,178.00,240.00,3.00,7
0.16,8,427.00,591.00,255.00,335.00,432.00,589.00,253.00,333.00,432.00,589.00,253.00,333.00,2.75,8
0.20,1,558.00,840.00,613.00,727.00,561.00,837.00,609.00,724.00,561.00,837.00,609.00,724.00,3.25,1
0.20,2,839.00,1013.00,326.00,469.00,835.00,1015.00,320.00,458.00,835.00,1015.00,320.00,458.00,5.75,2
0.20,3,546.00,731.00,397.00,553.00,536.00,735.00,397.00,551.00,536.00,735.00,397.00,551.00,4.00,3
0.20,4,603.00,761.00,201.00,304.00,606.00,759.00,202.00,311.00,606.00,759.00,202.00,311.00,3.25,4
0.20,5,448.00,611.00,299.00,429.00,434.00,607.00,297.00,407.00,434.00,607.00,297.00,407.00,10.50,5
0.20,6,305.00,440.00,197.00,285.00,314.00,438.00,205.00,280.00,314.00,438.00,205.00,280.00,6.00,6
0.20,7,205.00,294.00,178.00,240.00,207.00,297.00,181.00,238.00,207.00,297.00,181.00,238.00,2.50,7
0.20,8,437.00,587.00,251.00,331.00,439.00,593.00,255.00,333.00,439.00,593.00,255.00,333.00,3.50,8
0.24,1,558.00,841.00,617.00,724.00,569.00,840.00,613.00,723.00,569.00,840.00,613.00,723.00,4.25,1
0.24,2,839.00,1022.00,320.00,451.00,833.00,1021.00,321.00,465.00,833.00,1021.00,321.00,465.00,5.50,2
0.24,3,537.00,737.00,402.00,557.00,537.00,739.00,401.00,559.00,537.00,739.00,401.00,559.00,1.25,3
0.24,4,608.00,762.00,198.00,317.00,611.00,763.00,205.00,315.00,611.00,763.00,205.00,315.00,3.25,4
0.24,5,433.00,607.00,304.00,408.00,436.00,609.00,292.00,407.00,436.00,609.00,292.00,407.00,4.50,5
0.24,6,319.00,439.00,213.00,277.00,308.00,443.00,196.00,287.00,308.00,443.00,196.00,287.00,10.50,6
0.24,7,208.00,296.00,184.00,236.00,208.00,300.00,174.00,237.00,208.00,300.00,174.00,237.00,3.75,7
0.24,8,446.00,597.00,257.00,333.00,438.00,594.00,255.00,337.00,438.00,594.00,255.00,337.00,4.25,8
0.28,1,577.00,843.00,617.00,722.00,576.00,838.00,624.00,722.00,576.00,838.00,624.00,722.00,3.25,1
0.28,2,831.00,1027.00,322.00,472.00,841.00,1027.00,323.00,466.00,841.00,1027.00,323.00,466.00,4.25,2
0.28,3,538.00,743.00,405.00,567.00,543.00,744.00,407.00,568.00,543.00,744.00,407.00,568.00,2.25,3
0.28,4,616.00,767.00,208.00,319.00,618.00,764.00,204.00,313.00,618.00,764.00,204.00,313.00,3.75,4
0.28,5,438.00,611.00,287.00,407.00,441.00,617.00,301.00,408.00,441.00,617.00,301.00,408.00,6.00,5
0.28,6,302.00,448.00,187.00,294.00,308.00,446.00,199.00,288.00,308.00,446.00,199.00,288.00,6.50,6
0.28,7,209.00,303.00,167.00,236.00,203.00,305.00,171.00,239.00,203.00,305.00,171.00,239.00,3.75,7
0.28,8,437.00,595.00,255.00,341.00,439.00,598.00,255.00,336.00,439.00,598.00,255.00,336.00,2.50,8
0.32,1,583.00,836.00,635.00,721.00,580.00,840.00,632.00,723.00,580.00,840.00,632.00,723.00,3.00,1
0.32,2,849.00,1033.00,325.00,467.00,844.00,1030.00,325.00,472.00,844.00,1030.00,325.00,472.00,3.25,2
0.32,3,549.00,749.00,413.00,577.00,548.00,749.00,418.00,577.00,548.00,749.00,418.00,577.00,1.50,3
0.32,4,625.00,765.00,203.00,311.00,616.00,772.00,203.00,326.00,616.00,772.00,203.00,326.00,7.75,4
0.32,5,446.00,625.00,310.00,409.00,438.00,621.00,301.00,411.00,438.00,621.00,301.00,411.00,5.75,5
0.32,6,308.00,449.00,202.00,289.00,314.00,447.00,202.00,285.00,314.00,447.00,202.00,285.00,3.00,6
0.32,7,198.00,310.00,168.00,241.00,204.00,303.00,173.00,239.00,204.00,303.00,173.00,239.00,5.00,7
0.32,8,440.00,602.00,255.00,335.00,433.00,597.00,256.00,337.00,433.00,597.00,256.00,337.00,3.75,8
0.36,1,584.00,842.00,640.00,724.00,581.00,839.00,639.00,723.00,581.00,839.00,639.00,723.00,2.00,1
0.36,2,847.00,1033.00,327.00,478.00,850.00,1037.00,329.00,475.00,850.00,1037.00,329.00,475.00,3.00,2
0.36,3,553.00,754.00,429.00,586.00,549.00,754.00,428.00,584.00,549.00,754.00,428.00,584.00,1.75,3
0.36,4,614.00,780.00,202.00,339.00,618.00,771.00,205.00,327.00,618.00,771.00,205.00,327.00,7.00,4
0.36,5,435.00,625.00,301.00,414.00,445.00,630.00,297.00,413.00,445.00,630.00,297.00,413.00,5.00,5
0.36,6,320.00,448.00,205.00,282.00,323.00,445.00,210.00,283.00,323.00,445.00,210.00,283.00,3.00,6
0.36,7,205.00,301.00,175.00,239.00,208.00,305.00,177.00,237.00,208.00,305.00,177.00,237.00,2.75,7
0.36,8,427.00,596.00,257.00,338.00,446.00,608.00,258.00,338.00,446.00,608.00,258.00,338.00,8.00,8
0.40,2,856.00,1044.00,333.00,478.00,852.00,1043.00,331.00,482.00,852.00,1043.00,331.00,482.00,2.75,2
0.40,3,550.00,759.00,438.00,591.00,546.00,760.00,420.00,579.00,546.00,760.00,420.00,579.00,8.75,3
0.40,4,620.00,770.00,207.00,328.00,624.00,776.00,205.00,330.00,624.00,776.00,205.00,330.00,3.50,4
0.40,5,452.00,639.00,293.00,415.00,431.00,624.00,266.00,376.00,431.00,624.00,266.00,376.00,25.50,5
0.40,8,459.00,619.00,260.00,339.00,431.00,624.00,266.00,376.00,431.00,624.00,266.00,376.00,19.00,8
0.44,2,854.00,1049.00,333.00,489.00,850.00,1045.00,332.00,487.00,850.00,1045.00,332.00,487.00,2.75,2
0.44,3,543.00,766.00,412.00,574.00,554.00,765.00,423.00,592.00,554.00,765.00,423.00,592.00,10.25,3
0.44,4,630.00,781.00,205.00,333.00,635.00,784.00,207.00,329.00,635.00,784.00,207.00,329.00,3.50,4
0.44,5,417.00,618.00,235.00,339.00,446.00,613.00,258.00,339.00,446.00,613.00,258.00,339.00,14.25,5
0.44,8,416.00,640.00,274.00,414.00,451.00,633.00,299.00,417.00,451.00,633.00,299.00,417.00,17.50,8
0.48,2,848.00,1047.00,333.00,492.00,850.00,1051.00,334.00,499.00,850.00,1051.00,334.00,499.00,3.50,2
0.48,3,562.00,770.00,426.00,605.00,564.00,767.00,425.00,599.00,564.00,767.00,425.00,599.00,3.00,3
0.48,4,646.00,792.00,209.00,328.00,636.00,787.00,207.00,333.00,636.00,787.00,207.00,333.00,5.50,4
0.48,8,471.00,642.00,332.00,458.00,445.00,630.00,300.00,418.00,445.00,630.00,300.00,418.00,27.50,8
0.52,2,850.00,1057.00,336.00,511.00,855.00,1056.00,337.00,504.00,855.00,1056.00,337.00,504.00,3.50,2
0.52,3,574.00,769.00,427.00,606.00,560.00,770.00,430.00,610.00,560.00,770.00,430.00,610.00,5.50,3
0.52,4,637.00,790.00,207.00,337.00,642.00,790.00,210.00,332.00,642.00,790.00,210.00,332.00,3.25,4
0.52,8,439.00,627.00,301.00,419.00,450.00,632.00,304.00,420.00,450.00,632.00,304.00,420.00,5.00,8
0.52,9,436.00,626.00,263.00,372.00,445.00,630.00,261.00,365.00,445.00,630.00,261.00,365.00,5.50,9
0.56,2,860.00,1061.00,340.00,509.00,861.00,1070.00,341.00,502.00,861.00,1070.00,341.00,502.00,4.50,2
0.56,3,556.00,773.00,435.00,621.00,560.00,770.00,441.00,616.00,560.00,770.00,441.00,616.00,4.50,3
0.56,4,648.00,793.00,213.00,331.00,643.00,791.00,212.00,334.00,643.00,791.00,212.00,334.00,2.75,4
0.56,8,455.00,634.00,308.00,422.00,458.00,643.00,328.00,442.00,458.00,643.00,328.00,442.00,13.00,8
0.56,9,454.00,634.00,259.00,358.00,448.00,626.00,277.00,366.00,448.00,626.00,277.00,366.00,10.00,9
0.56,10,445.00,630.00,261.00,365.00,448.00,626.00,277.00,366.00,448.00,626.00,277.00,366.00,6.00,10
0.56,11,204.00,303.00,172.00,238.00,199.00,307.00,169.00,239.00,199.00,307.00,169.00,239.00,3.25,11
0.60,2,867.00,1084.00,345.00,500.00,869.00,1074.00,351.00,508.00,869.00,1074.00,351.00,508.00,6.50,2
0.60,3,560.00,770.00,452.00,622.00,569.00,778.00,449.00,617.00,569.00,778.00,449.00,617.00,6.25,3
0.60,4,644.00,792.00,214.00,336.00,646.00,792.00,213.00,333.00,646.00,792.00,213.00,333.00,1.50,4
0.60,8,466.00,654.00,352.00,464.00,461.00,646.00,328.00,443.00,461.00,646.00,328.00,443.00,14.50,8
0.60,9,451.00,622.00,293.00,367.00,449.00,629.00,275.00,371.00,449.00,629.00,275.00,371.00,7.75,9
0.60,10,451.00,622.00,293.00,367.00,449.00,629.00,275.00,371.00,449.00,629.00,275.00,371.00,7.75,10
0.60,11,194.00,311.00,166.00,240.00,201.00,306.00,170.00,240.00,201.00,306.00,170.00,240.00,4.00,11
0.64,2,877.00,1078.00,361.00,514.00,877.00,1077.00,354.00,515.00,877.00,1077.00,354.00,515.00,2.25,2
0.64,3,578.00,786.00,457.00,618.00,566.00,790.00,450.00,628.00,566.00,790.00,450.00,628.00,8.25,3
0.64,4,649.00,793.00,214.00,332.00,645.00,794.00,216.00,334.00,645.00,794.00,216.00,334.00,2.25,4
0.64,8,464.00,649.00,328.00,444.00,468.00,648.00,330.00,449.00,468.00,648.00,330.00,449.00,3.00,8
0.64,9,450.00,632.00,273.00,376.00,452.00,633.00,274.00,369.00,452.00,633.00,274.00,369.00,2.75,9
0.64,10,450.00,632.00,273.00,376.00,452.00,633.00,274.00,369.00,452.00,633.00,274.00,369.00,2.75,10
0.68,2,885.00,1080.00,357.00,522.00,879.00,1088.00,362.00,521.00,879.00,1088.00,362.00,521.00,5.00,2
0.68,3,563.00,802.00,451.00,639.00,560.00,796.00,453.00,636.00,560.00,796.00,453.00,636.00,3.50,3
0.68,4,644.00,796.00,219.00,335.00,643.00,798.00,213.00,338.00,643.00,798.00,213.00,338.00,3.00,4
0.68,8,475.00,650.00,332.00,455.00,468.00,648.00,328.00,449.00,468.00,648.00,328.00,449.00,4.75,8
0.68,9,455.00,637.00,273.00,367.00,459.00,653.00,266.00,376.00,459.00,653.00,266.00,376.00,9.00,9
0.68,10,455.00,637.00,273.00,367.00,459.00,653.00,266.00,376.00,459.00,653.00,266.00,376.00,9.00,10
0.72,2,881.00,1099.00,370.00,527.00,885.00,1093.00,363.00,525.00,885.00,1093.00,363.00,525.00,4.75,2
0.72,3,554.00,802.00,456.00,644.00,559.00,799.00,456.00,646.00,559.00,799.00,456.00,646.00,2.50,3
0.72,4,641.00,802.00,210.00,342.00,647.00,810.00,217.00,341.00,647.00,810.00,217.00,341.00,5.50,4
0.72,8,468.00,648.00,326.00,449.00,471.00,650.00,331.00,454.00,471.00,650.00,331.00,454.00,3.75,8
0.72,9,466.00,673.00,258.00,383.00,463.00,655.00,269.00,373.00,463.00,655.00,269.00,373.00,10.50,9
0.72,10,466.00,673.00,258.00,383.00,463.00,655.00,269.00,373.00,463.00,655.00,269.00,373.00,10.50,10
0.72,13,365.00,486.00,213.00,277.00,360.00,491.00,211.00,278.00,360.00,491.00,211.00,278.00,3.25,13
0.76,2,891.00,1098.00,364.00,529.00,892.00,1095.00,370.00,533.00,892.00,1095.00,370.00,533.00,3.50,2
0.76,3,558.00,802.00,459.00,656.00,560.00,806.00,467.00,656.00,560.00,806.00,467.00,656.00,3.50,3
0.76,4,651.00,822.00,221.00,344.00,653.00,819.00,219.00,342.00,653.00,819.00,219.00,342.00,2.25,4
0.76,8,474.00,652.00,334.00,459.00,478.00,654.00,335.00,457.00,478.00,654.00,335.00,457.00,2.25,8
0.76,9,467.00,657.00,272.00,370.00,443.00,624.00,272.00,372.00,443.00,624.00,272.00,372.00,14.75,9
0.76,10,467.00,657.00,272.00,370.00,443.00,624.00,272.00,372.00,443.00,624.00,272.00,372.00,14.75,10
0.76,13,355.00,496.00,209.00,279.00,365.00,489.00,208.00,276.00,365.00,489.00,208.00,276.00,5.25,13
0.76,14,357.00,488.00,234.00,319.00,359.00,490.00,232.00,323.00,359.00,490.00,232.00,323.00,2.50,14
0.80,2,899.00,1097.00,377.00,541.00,896.00,1098.00,372.00,542.00,896.00,1098.00,372.00,542.00,2.50,2
0.80,3,561.00,813.00,478.00,666.00,562.00,811.00,476.00,667.00,562.00,811.00,476.00,667.00,1.50,3
0.80,4,659.00,828.00,221.00,343.00,658.00,833.00,214.00,348.00,658.00,833.00,214.00,348.00,4.50,4
0.80,8,485.00,658.00,339.00,460.00,481.00,663.00,336.00,463.00,481.00,663.00,336.00,463.00,3.75,8
0.80,9,423.00,593.00,275.00,371.00,438.00,605.00,258.00,341.00,438.00,605.00,258.00,341.00,18.50,9
0.80,10,423.00,593.00,275.00,371.00,438.00,605.00,258.00,341.00,438.00,605.00,258.00,341.00,18.50,10
0.80,13,370.00,487.00,205.00,274.00,368.00,492.00,208.00,278.00,368.00,492.00,208.00,278.00,3.50,13
0.80,14,361.00,492.00,230.00,327.00,363.00,492.00,233.00,322.00,363.00,492.00,233.00,322.00,2.50,14
0.80,15,359.00,490.00,232.00,323.00,363.00,492.00,233.00,322.00,363.00,492.00,233.00,322.00,2.00,15
0.80,16,214.00,305.00,173.00,238.00,213.00,303.00,174.00,237.00,213.00,303.00,174.00,237.00,1.25,16
0.80,17,485.00,668.00,251.00,352.00,468.00,662.00,270.00,377.00,468.00,662.00,270.00,377.00,16.75,17
0.84,2,900.00,1101.00,374.00,551.00,897.00,1105.00,370.00,540.00,897.00,1105.00,370.00,540.00,5.50,2
0.84,3,564.00,816.00,485.00,678.00,556.00,808.00,486.00,674.00,556.00,808.00,486.00,674.00,5.25,3
0.84,4,663.00,847.00,209.00,354.00,660.00,834.00,217.00,346.00,660.00,834.00,217.00,346.00,8.00,4
0.84,8,484.00,672.00,337.00,469.00,489.00,666.00,337.00,467.00,489.00,666.00,337.00,467.00,3.25,8
0.84,13,371.00,495.00,208.00,280.00,367.00,494.00,214.00,279.00,367.00,494.00,214.00,279.00,3.00,13
0.84,14,367.00,494.00,234.00,321.00,364.00,493.00,234.00,322.00,364.00,493.00,234.00,322.00,1.25,14
0.84,15,367.00,494.00,234.00,321.00,364.00,493.00,234.00,322.00,364.00,493.00,234.00,322.00,1.25,15
0.84,16,212.00,301.00,175.00,236.00,210.00,305.00,171.00,237.00,210.00,305.00,171.00,237.00,2.75,16
0.84,17,451.00,656.00,289.00,402.00,472.00,660.00,269.00,375.00,472.00,660.00,269.00,375.00,18.00,17
0.84,18,368.00,492.00,208.00,278.00,367.00,494.00,214.00,279.00,367.00,494.00,214.00,279.00,2.50,18
0.84,19,443.00,635.00,306.00,399.00,472.00,660.00,269.00,375.00,472.00,660.00,269.00,375.00,28.75,19
0.88,2,898.00,1112.00,368.00,538.00,910.00,1112.00,379.00,544.00,910.00,1112.00,379.00,544.00,7.25,2
0.88,3,550.00,805.00,496.00,681.00,567.00,813.00,491.00,681.00,567.00,813.00,491.00,681.00,7.50,3
0.88,4,662.00,835.00,220.00,344.00,664.00,837.00,217.00,351.00,664.00,837.00,217.00,351.00,3.50,4
0.88,8,497.00,669.00,338.00,471.00,487.00,669.00,341.00,472.00,487.00,669.00,341.00,472.00,3.50,8
0.88,13,366.00,496.00,220.00,280.00,373.00,496.00,208.00,282.00,373.00,496.00,208.00,282.00,5.25,13
0.88,14,365.00,494.00,235.00,322.00,371.00,496.00,231.00,322.00,371.00,496.00,231.00,322.00,3.00,14
0.88,15,365.00,494.00,235.00,322.00,371.00,496.00,231.00,322.00,371.00,496.00,231.00,322.00,3.00,15
0.88,16,207.00,307.00,168.00,237.00,212.00,306.00,173.00,236.00,212.00,306.00,173.00,236.00,3.00,16
0.88,18,366.00,496.00,220.00,280.00,373.00,496.00,208.00,282.00,373.00,496.00,208.00,282.00,5.25,18
0.88,20,364.00,493.00,234.00,322.00,371.00,496.00,231.00,322.00,371.00,496.00,231.00,322.00,3.25,20
0.92,2,923.00,1119.00,388.00,548.00,907.00,1120.00,384.00,557.00,907.00,1120.00,384.00,557.00,7.50,2
0.92,3,578.00,818.00,496.00,688.00,575.00,824.00,499.00,689.00,575.00,824.00,499.00,689.00,3.25,3
0.92,4,668.00,840.00,217.00,356.00,660.00,828.00,215.00,350.00,660.00,828.00,215.00,350.00,7.00,4
0.92,8,485.00,672.00,345.00,477.00,489.00,675.00,343.00,478.00,489.00,675.00,343.00,478.00,2.50,8
0.92,13,379.00,498.00,202.00,285.00,373.00,496.00,211.00,280.00,373.00,496.00,211.00,280.00,5.50,13
0.92,14,378.00,499.00,228.00,322.00,371.00,499.00,228.00,328.00,371.00,499.00,228.00,328.00,3.25,14
0.92,15,378.00,499.00,228.00,322.00,371.00,499.00,228.00,328.00,371.00,499.00,228.00,328.00,3.25,15
0.92,16,214.00,307.00,175.00,235.00,211.00,307.00,170.00,238.00,211.00,307.00,170.00,238.00,2.75,16
0.92,18,379.00,498.00,202.00,285.00,373.00,496.00,211.00,280.00,373.00,496.00,211.00,280.00,5.50,18
0.92,20,378.00,499.00,228.00,322.00,371.00,499.00,228.00,328.00,371.00,499.00,228.00,328.00,3.25,20
0.92,21,371.00,496.00,231.00,322.00,371.00,499.00,228.00,328.00,371.00,499.00,228.00,328.00,3.00,21
0.96,2,904.00,1128.00,389.00,570.00,904.00,1122.00,390.00,565.00,904.00,1122.00,390.00,565.00,3.00,2
0.96,3,583.00,835.00,507.00,697.00,583.00,832.00,502.00,696.00,583.00,832.00,502.00,696.00,2.25,3
0.96,4,656.00,819.00,213.00,349.00,662.00,832.00,215.00,354.00,662.00,832.00,215.00,354.00,6.50,4
0.96,8,491.00,681.00,345.00,484.00,486.00,681.00,348.00,477.00,486.00,681.00,348.00,477.00,3.75,8
0.96,13,373.00,496.00,214.00,278.00,375.00,497.00,213.00,281.00,375.00,497.00,213.00,281.00,1.75,13
0.96,14,371.00,502.00,225.00,334.00,376.00,499.00,233.00,325.00,376.00,499.00,233.00,325.00,6.25,14
0.96,15,371.00,502.00,225.00,334.00,376.00,499.00,233.00,325.00,376.00,499.00,233.00,325.00,6.25,15
0.96,18,373.00,496.00,214.00,278.00,375.00,497.00,213.00,281.00,375.00,497.00,213.00,281.00,1.75,18
0.96,20,371.00,502.00,225.00,334.00,376.00,499.00,233.00,325.00,376.00,499.00,233.00,325.00,6.25,20
0.96,21,371.00,502.00,225.00,334.00,376.00,499.00,233.00,325.00,376.00,499.00,233.00,325.00,6.25,21
0.96,22,371.00,499.00,228.00,328.00,376.00,499.00,233.00,325.00,376.00,499.00,233.00,325.00,3.25,22
1.00,2,901.00,1124.00,396.00,573.00,909.00,1129.00,397.00,568.00,909.00,1129.00,397.00,568.00,4.75,2
1.00,3,591.00,840.00,505.00,703.00,591.00,831.00,508.00,708.00,591.00,831.00,508.00,708.00,4.25,3
1.00,4,664.00,836.00,215.00,358.00,665.00,829.00,218.00,354.00,665.00,829.00,218.00,354.00,3.75,4
1.00,8,483.00,687.00,353.00,476.00,502.00,694.00,355.00,490.00,502.00,694.00,355.00,490.00,10.50,8
1.00,13,377.00,498.00,215.00,282.00,379.00,503.00,231.00,325.00,379.00,503.00,231.00,325.00,16.50,13
1.00,14,381.00,499.00,238.00,322.00,379.00,503.00,231.00,325.00,379.00,503.00,231.00,325.00,4.00,14
1.00,15,381.00,499.00,238.00,322.00,379.00,503.00,231.00,325.00,379.00,503.00,231.00,325.00,4.00,15
1.00,18,377.00,498.00,215.00,282.00,379.00,503.00,231.00,325.00,379.00,503.00,231.00,325.00,16.50,18
1.00,20,381.00,499.00,238.00,322.00,379.00,503.00,231.00,325.00,379.00,503.00,231.00,325.00,4.00,20
1.00,21,381.00,499.00,238.00,322.00,379.00,503.00,231.00,325.00,379.00,503.00,231.00,325.00,4.00,21
1.00,22,381.00,499.00,238.00,322.00,379.00,503.00,231.00,325.00,379.00,503.00,231.00,325.00,4.00,22
1.00,23,476.00,677.00,321.00,419.00,491.00,674.00,335.00,414.00,491.00,674.00,335.00,414.00,9.25,23
1.00,24,376.00,499.00,233.00,325.00,379.00,503.00,231.00,325.00,379.00,503.00,231.00,325.00,2.25,24
1.00,25,474.00,667.00,270.00,389.00,491.00,674.00,335.00,414.00,491.00,674.00,335.00,414.00,28.50,25
1.04,2,914.00,1136.00,404.00,571.00,914.00,1143.00,406.00,577.00,914.00,1143.00,406.00,577.00,3.75,2
1.04,3,599.00,830.00,514.00,720.00,593.00,832.00,517.00,712.00,593.00,832.00,517.00,712.00,4.75,3
1.04,4,668.00,826.00,221.00,354.00,669.00,833.00,220.00,356.00,669.00,833.00,220.00,356.00,2.75,4
1.04,8,518.00,707.00,362.00,503.00,506.00,696.00,356.00,490.00,506.00,696.00,356.00,490.00,10.50,8
1.04,13,383.00,509.00,249.00,369.00,373.00,505.00,231.00,328.00,373.00,505.00,231.00,328.00,18.25,13
1.04,14,382.00,507.00,229.00,325.00,373.00,505.00,231.00,328.00,373.00,505.00,231.00,328.00,4.00,14
1.04,15,382.00,507.00,229.00,325.00,373.00,505.00,231.00,328.00,373.00,505.00,231.00,328.00,4.00,15
1.04,18,383.00,509.00,249.00,369.00,373.00,505.00,231.00,328.00,373.00,505.00,231.00,328.00,18.25,18
1.04,20,382.00,507.00,229.00,325.00,373.00,505.00,231.00,328.00,373.00,505.00,231.00,328.00,4.00,20
1.04,21,382.00,507.00,229.00,325.00,373.00,505.00,231.00,328.00,373.00,505.00,231.00,328.00,4.00,21
1.04,22,382.00,507.00,229.00,325.00,373.00,505.00,231.00,328.00,373.00,505.00,231.00,328.00,4.00,22
1.04,23,506.00,671.00,349.00,409.00,486.00,673.00,329.00,415.00,486.00,673.00,329.00,415.00,12.00,23
1.04,24,382.00,507.00,229.00,325.00,373.00,505.00,231.00,328.00,373.00,505.00,231.00,328.00,4.00,24
1.04,25,508.00,681.00,400.00,439.00,506.00,696.00,356.00,490.00,506.00,696.00,356.00,490.00,28.00,25
1.04,26,450.00,593.00,323.00,406.00,451.00,584.00,324.00,411.00,451.00,584.00,324.00,411.00,4.00,26
1.08,2,919.00,1157.00,415.00,586.00,918.00,1146.00,411.00,579.00,918.00,1146.00,411.00,579.00,5.75,2
1.08,3,595.00,833.00,526.00,716.00,593.00,837.00,525.00,713.00,593.00,837.00,525.00,713.00,2.50,3
1.08,4,673.00,837.00,222.00,358.00,668.00,840.00,221.00,358.00,668.00,840.00,221.00,358.00,2.25,4
1.08,8,510.00,698.00,357.00,490.00,503.00,707.00,359.00,497.00,503.00,707.00,359.00,497.00,6.25,8
1.08,13,367.00,507.00,231.00,331.00,376.00,510.00,230.00,329.00,376.00,510.00,230.00,329.00,3.75,13
1.08,14,367.00,507.00,231.00,331.00,376.00,510.00,230.00,329.00,376.00,510.00,230.00,329.00,3.75,14
1.08,15,367.00,507.00,231.00,331.00,376.00,510.00,230.00,329.00,376.00,510.00,230.00,329.00,3.75,15
1.08,18,367.00,507.00,231.00,331.00,376.00,510.00,230.00,329.00,376.00,510.00,230.00,329.00,3.75,18
1.08,20,367.00,507.00,231.00,331.00,376.00,510.00,230.00,329.00,376.00,510.00,230.00,329.00,3.75,20
1.08,21,367.00,507.00,231.00,331.00,376.00,510.00,230.00,329.00,376.00,510.00,230.00,329.00,3.75,21
1.08,22,367.00,507.00,231.00,331.00,376.00,510.00,230.00,329.00,376.00,510.00,230.00,329.00,3.75,22
1.08,23,481.00,672.00,323.00,416.00,484.00,678.00,332.00,417.00,484.00,678.00,332.00,417.00,4.75,23
1.08,24,367.00,507.00,231.00,331.00,376.00,510.00,230.00,329.00,376.00,510.00,230.00,329.00,3.75,24
1.08,25,521.00,718.00,377.00,566.00,503.00,707.00,359.00,497.00,503.00,707.00,359.00,497.00,29.00,25
1.08,27,506.00,696.00,356.00,490.00,503.00,707.00,359.00,497.00,503.00,707.00,359.00,497.00,6.00,27
1.12,2,922.00,1149.00,416.00,581.00,919.00,1150.00,415.00,584.00,919.00,1150.00,415.00,584.00,2.00,2
1.12,3,593.00,842.00,533.00,714.00,599.00,841.00,526.00,716.00,599.00,841.00,526.00,716.00,4.00,3
1.12,4,667.00,847.00,222.00,360.00,681.00,854.00,225.00,364.00,681.00,854.00,225.00,364.00,7.00,4
1.12,8,500.00,718.00,362.00,504.00,503.00,711.00,362.00,501.00,503.00,711.00,362.00,501.00,3.25,8
1.12,13,379.00,515.00,229.00,330.00,375.00,515.00,225.00,335.00,375.00,515.00,225.00,335.00,3.25,13
1.12,14,379.00,515.00,229.00,330.00,375.00,515.00,225.00,335.00,375.00,515.00,225.00,335.00,3.25,14
1.12,15,379.00,515.00,229.00,330.00,375.00,515.00,225.00,335.00,375.00,515.00,225.00,335.00,3.25,15
1.12,18,379.00,515.00,229.00,330.00,375.00,515.00,225.00,335.00,375.00,515.00,225.00,335.00,3.25,18
1.12,20,379.00,515.00,229.00,330.00,375.00,515.00,225.00,335.00,375.00,515.00,225.00,335.00,3.25,20
1.12,21,379.00,515.00,229.00,330.00,375.00,515.00,225.00,335.00,375.00,515.00,225.00,335.00,3.25,21
1.12,22,379.00,515.00,229.00,330.00,375.00,515.00,225.00,335.00,375.00,515.00,225.00,335.00,3.25,22
1.12,24,379.00,515.00,229.00,330.00,375.00,515.00,225.00,335.00,375.00,515.00,225.00,335.00,3.25,24
1.12,25,500.00,718.00,362.00,504.00,503.00,711.00,362.00,501.00,503.00,711.00,362.00,501.00,3.25,25
1.12,27,500.00,718.00,362.00,504.00,503.00,711.00,362.00,501.00,503.00,711.00,362.00,501.00,3.25,27
1.16,2,920.00,1154.00,419.00,589.00,932.00,1152.00,414.00,589.00,932.00,1152.00,414.00,589.00,4.75,2
1.16,3,605.00,845.00,527.00,719.00,605.00,844.00,533.00,717.00,605.00,844.00,533.00,717.00,2.25,3
1.16,4,694.00,868.00,229.00,370.00,684.00,858.00,228.00,368.00,684.00,858.00,228.00,368.00,5.75,4
1.16,8,503.00,715.00,365.00,505.00,503.00,714.00,362.00,507.00,503.00,714.00,362.00,507.00,1.50,8
1.16,13,374.00,520.00,220.00,341.00,381.00,515.00,231.00,329.00,381.00,515.00,231.00,329.00,8.75,13
1.16,14,374.00,520.00,220.00,341.00,381.00,515.00,231.00,329.00,381.00,515.00,231.00,329.00,8.75,14
1.16,15,374.00,520.00,220.00,341.00,381.00,515.00,231.00,329.00,381.00,515.00,231.00,329.00,8.75,15
1.16,18,374.00,520.00,220.00,341.00,381.00,515.00,231.00,329.00,381.00,515.00,231.00,329.00,8.75,18
1.16,20,374.00,520.00,220.00,341.00,381.00,515.00,231.00,329.00,381.00,515.00,231.00,329.00,8.75,20
1.16,21,374.00,520.00,220.00,341.00,381.00,515.00,231.00,329.00,381.00,515.00,231.00,329.00,8.75,21
1.16,22,374.00,520.00,220.00,341.00,381.00,515.00,231.00,329.00,381.00,515.00,231.00,329.00,8.75,22
1.16,24,374.00,520.00,220.00,341.00,381.00,515.00,231.00,329.00,381.00,515.00,231.00,329.00,8.75,24
1.16,25,503.00,715.00,365.00,505.00,503.00,714.00,362.00,507.00,503.00,714.00,362.00,507.00,1.50,25
1.16,27,503.00,715.00,365.00,505.00,503.00,714.00,362.00,507.00,503.00,714.00,362.00,507.00,1.50,27
1.20,2,945.00,1154.00,413.00,594.00,938.00,1168.00,426.00,601.00,938.00,1168.00,426.00,601.00,10.25,2
1.20,3,611.00,847.00,540.00,718.00,608.00,837.00,543.00,723.00,608.00,837.00,543.00,723.00,5.25,3
1.20,4,687.00,862.00,231.00,372.00,691.00,861.00,228.00,372.00,691.00,861.00,228.00,372.00,2.00,4
1.20,8,503.00,717.00,362.00,513.00,504.00,718.00,365.00,517.00,504.00,718.00,365.00,517.00,2.25,8
1.20,25,503.00,717.00,362.00,513.00,504.00,718.00,365.00,517.00,504.00,718.00,365.00,517.00,2.25,25
1.20,27,503.00,717.00,362.00,513.00,504.00,718.00,365.00,517.00,504.00,718.00,365.00,517.00,2.25,27
1.20,29,480.00,684.00,313.00,422.00,478.00,703.00,355.00,446.00,478.00,703.00,355.00,446.00,21.75,29
1.24,2,944.00,1184.00,438.00,613.00,941.00,1169.00,428.00,605.00,941.00,1169.00,428.00,605.00,9.00,2
1.24,3,611.00,830.00,553.00,729.00,611.00,840.00,552.00,722.00,611.00,840.00,552.00,722.00,4.50,3
1.24,4,698.00,864.00,228.00,376.00,696.00,865.00,238.00,376.00,696.00,865.00,238.00,376.00,3.25,4
1.24,8,505.00,722.00,368.00,527.00,514.00,721.00,372.00,521.00,514.00,721.00,372.00,521.00,5.00,8
1.24,25,505.00,722.00,368.00,527.00,514.00,721.00,372.00,521.00,514.00,721.00,372.00,521.00,5.00,25
1.24,27,505.00,722.00,368.00,527.00,514.00,721.00,372.00,521.00,514.00,721.00,372.00,521.00,5.00,27
1.24,29,476.00,722.00,397.00,470.00,493.00,704.00,354.00,451.00,493.00,704.00,354.00,451.00,24.25,29
1.24,30,441.00,625.00,315.00,429.00,456.00,614.00,343.00,437.00,456.00,614.00,343.00,437.00,15.50,30
1.28,2,944.00,1170.00,430.00,609.00,946.00,1176.00,431.00,615.00,946.00,1176.00,431.00,615.00,3.75,2
1.28,3,614.00,843.00,561.00,721.00,614.00,847.00,565.00,720.00,614.00,847.00,565.00,720.00,2.25,3
1.28,4,701.00,869.00,248.00,380.00,700.00,864.00,235.00,382.00,700.00,864.00,235.00,382.00,5.25,4
1.28,8,524.00,724.00,379.00,525.00,519.00,722.00,375.00,526.00,519.00,722.00,375.00,526.00,3.00,8
1.28,25,524.00,724.00,379.00,525.00,519.00,722.00,375.00,526.00,519.00,722.00,375.00,526.00,3.00,25
1.28,27,524.00,724.00,379.00,525.00,519.00,722.00,375.00,526.00,519.00,722.00,375.00,526.00,3.00,27
1.28,29,508.00,705.00,353.00,456.00,497.00,702.00,358.00,449.00,497.00,702.00,358.00,449.00,6.50,29
1.28,30,471.00,603.00,371.00,445.00,450.00,604.00,323.00,422.00,450.00,604.00,323.00,422.00,23.25,30
1.28,31,514.00,721.00,372.00,521.00,519.00,722.00,375.00,526.00,519.00,722.00,375.00,526.00,3.50,31
1.32,2,951.00,1183.00,434.00,625.00,961.00,1178.00,439.00,623.00,961.00,1178.00,439.00,623.00,5.50,2
1.32,3,617.00,854.00,578.00,718.00,621.00,857.00,573.00,719.00,621.00,857.00,573.00,719.00,3.25,3
1.32,4,704.00,863.00,232.00,388.00,709.00,867.00,234.00,382.00,709.00,867.00,234.00,382.00,4.25,4
1.32,8,524.00,723.00,378.00,531.00,526.00,725.00,388.00,528.00,526.00,725.00,388.00,528.00,4.25,8
1.32,25,524.00,723.00,378.00,531.00,526.00,725.00,388.00,528.00,526.00,725.00,388.00,528.00,4.25,25
1.32,27,524.00,723.00,378.00,531.00,526.00,725.00,388.00,528.00,526.00,725.00,388.00,528.00,4.25,27
1.32,29,501.00,700.00,362.00,447.00,503.00,702.00,363.00,449.00,503.00,702.00,363.00,449.00,1.75,29
1.32,30,444.00,594.00,303.00,407.00,458.00,604.00,351.00,444.00,458.00,604.00,351.00,444.00,27.25,30
1.32,31,524.00,723.00,378.00,531.00,526.00,725.00,388.00,528.00,526.00,725.00,388.00,528.00,4.25,31
1.32,32,214.00,315.00,174.00,236.00,215.00,314.00,175.00,237.00,215.00,314.00,175.00,237.00,1.00,32
1.32,33,391.00,518.00,228.00,328.00,385.00,530.00,237.00,341.00,385.00,530.00,237.00,341.00,10.00,33
1.36,2,976.00,1180.00,447.00,631.00,959.00,1184.00,449.00,623.00,959.00,1184.00,449.00,623.00,7.75,2
1.36,3,628.00,867.00,581.00,718.00,635.00,866.00,577.00,720.00,635.00,866.00,577.00,720.00,3.50,3
1.36,4,718.00,870.00,233.00,382.00,708.00,873.00,237.00,386.00,708.00,873.00,237.00,386.00,5.25,4
1.36,8,533.00,728.00,401.00,530.00,528.00,727.00,389.00,536.00,528.00,727.00,389.00,536.00,6.00,8
1.36,25,533.00,728.00,401.00,530.00,528.00,727.00,389.00,536.00,528.00,727.00,389.00,536.00,6.00,25
1.36,27,533.00,728.00,401.00,530.00,528.00,727.00,389.00,536.00,528.00,727.00,389.00,536.00,6.00,27
1.36,31,533.00,728.00,401.00,530.00,528.00,727.00,389.00,536.00,528.00,727.00,389.00,536.00,6.00,31
1.40,2,957.00,1190.00,459.00,623.00,970.00,1196.00,452.00,630.00,970.00,1196.00,452.00,630.00,8.25,2
1.40,3,649.00,875.00,581.00,721.00,638.00,874.00,585.00,720.00,638.00,874.00,585.00,720.00,4.25,3
1.40,4,707.00,879.00,240.00,390.00,708.00,877.00,238.00,389.00,708.00,877.00,238.00,389.00,1.50,4
1.40,8,530.00,729.00,390.00,544.00,535.00,731.00,391.00,545.00,535.00,731.00,391.00,545.00,2.25,8
1.40,25,530.00,729.00,390.00,544.00,535.00,731.00,391.00,545.00,535.00,731.00,391.00,545.00,2.25,25
1.40,27,530.00,729.00,390.00,544.00,535.00,731.00,391.00,545.00,535.00,731.00,391.00,545.00,2.25,27
1.40,31,530.00,729.00,390.00,544.00,535.00,731.00,391.00,545.00,535.00,731.00,391.00,545.00,2.25,31
1.40,34,458.00,661.00,308.00,429.00,457.00,610.00,339.00,458.00,457.00,610.00,339.00,458.00,28.00,34
1.44,2,981.00,1208.00,455.00,637.00,976.00,1210.00,456.00,640.00,976.00,1210.00,456.00,640.00,2.75,2
1.44,3,641.00,882.00,593.00,720.00,631.00,891.00,595.00,719.00,631.00,891.00,595.00,719.00,5.50,3
1.44,4,708.00,881.00,239.00,392.00,711.00,886.00,232.00,396.00,711.00,886.00,232.00,396.00,4.75,4
1.44,8,542.00,735.00,393.00,554.00,535.00,735.00,399.00,550.00,535.00,735.00,399.00,550.00,4.25,8
1.44,25,542.00,735.00,393.00,554.00,535.00,735.00,399.00,550.00,535.00,735.00,399.00,550.00,4.25,25
1.44,27,542.00,735.00,393.00,554.00,535.00,735.00,399.00,550.00,535.00,735.00,399.00,550.00,4.25,27
1.44,31,542.00,735.00,393.00,554.00,535.00,735.00,399.00,550.00,535.00,735.00,399.00,550.00,4.25,31
1.44,34,456.00,559.00,370.00,487.00,457.00,610.00,352.00,460.00,457.00,610.00,352.00,460.00,24.25,34
1.44,36,394.00,577.00,238.00,347.00,396.00,575.00,242.00,341.00,396.00,575.00,242.00,341.00,3.50,36
1.48,2,982.00,1224.00,460.00,650.00,969.00,1209.00,457.00,652.00,969.00,1209.00,457.00,652.00,8.25,2
1.48,3,624.00,908.00,605.00,718.00,635.00,881.00,605.00,718.00,635.00,881.00,605.00,718.00,9.50,3
1.48,4,714.00,895.00,226.00,403.00,712.00,897.00,236.00,384.00,712.00,897.00,236.00,384.00,8.25,4
1.48,8,535.00,739.00,407.00,555.00,536.00,737.00,404.00,557.00,536.00,737.00,404.00,557.00,2.00,8
1.48,25,535.00,739.00,407.00,555.00,536.00,737.00,404.00,557.00,536.00,737.00,404.00,557.00,2.00,25
1.48,27,535.00,739.00,407.00,555.00,536.00,737.00,404.00,557.00,536.00,737.00,404.00,557.00,2.00,27
1.48,31,535.00,739.00,407.00,555.00,536.00,737.00,404.00,557.00,536.00,737.00,404.00,557.00,2.00,31
1.48,34,457.00,610.00,365.00,462.00,448.00,626.00,343.00,462.00,448.00,626.00,343.00,462.00,11.75,34
1.48,36,398.00,573.00,246.00,335.00,394.00,575.00,240.00,344.00,394.00,575.00,240.00,344.00,5.25,36
1.48,37,470.00,646.00,330.00,422.00,448.00,626.00,343.00,462.00,448.00,626.00,343.00,462.00,23.75,37
1.52,2,962.00,1208.00,458.00,664.00,979.00,1236.00,468.00,656.00,979.00,1236.00,468.00,656.00,15.75,2
1.52,3,639.00,871.00,615.00,717.00,637.00,896.00,611.00,720.00,637.00,896.00,611.00,720.00,8.50,3
1.52,4,713.00,908.00,240.00,372.00,712.00,890.00,239.00,389.00,712.00,890.00,239.00,389.00,9.25,4
1.52,8,537.00,739.00,409.00,564.00,544.00,742.00,411.00,563.00,544.00,742.00,411.00,563.00,3.25,8
1.52,25,537.00,739.00,409.00,564.00,544.00,742.00,411.00,563.00,544.00,742.00,411.00,563.00,3.25,25
1.52,27,537.00,739.00,409.00,564.00,544.00,742.00,411.00,563.00,544.00,742.00,411.00,563.00,3.25,27
1.52,31,537.00,739.00,409.00,564.00,544.00,742.00,411.00,563.00,544.00,742.00,411.00,563.00,3.25,31
1.52,34,439.00,642.00,334.00,464.00,443.00,624.00,347.00,465.00,443.00,624.00,347.00,465.00,9.00,34
1.52,36,392.00,575.00,238.00,347.00,391.00,575.00,239.00,339.00,391.00,575.00,239.00,339.00,2.50,36
1.52,37,426.00,606.00,356.00,502.00,443.00,624.00,347.00,465.00,443.00,624.00,347.00,465.00,20.25,37
1.56,2,989.00,1263.00,479.00,660.00,984.00,1242.00,476.00,661.00,984.00,1242.00,476.00,661.00,7.50,2
1.56,3,639.00,911.00,617.00,722.00,640.00,902.00,616.00,719.00,640.00,902.00,616.00,719.00,3.50,3
1.56,4,712.00,883.00,242.00,394.00,720.00,892.00,239.00,391.00,720.00,892.00,239.00,391.00,5.75,4
1.56,8,552.00,747.00,418.00,569.00,550.00,750.00,413.00,570.00,550.00,750.00,413.00,570.00,2.75,8
1.56,25,552.00,747.00,418.00,569.00,550.00,750.00,413.00,570.00,550.00,750.00,413.00,570.00,2.75,25
1.56,27,552.00,747.00,418.00,569.00,550.00,750.00,413.00,570.00,550.00,750.00,413.00,570.00,2.75,27
1.56,31,552.00,747.00,418.00,569.00,550.00,750.00,413.00,570.00,550.00,750.00,413.00,570.00,2.75,31
1.56,34,438.00,622.00,351.00,468.00,447.00,620.00,340.00,472.00,447.00,620.00,340.00,472.00,6.50,34
1.56,36,388.00,575.00,238.00,334.00,394.00,573.00,239.00,340.00,394.00,573.00,239.00,340.00,3.75,36
1.56,37,438.00,622.00,351.00,468.00,447.00,620.00,340.00,472.00,447.00,620.00,340.00,472.00,6.50,37
1.60,2,989.00,1248.00,484.00,666.00,989.00,1246.00,482.00,673.00,989.00,1246.00,482.00,673.00,2.75,2
1.60,3,643.00,908.00,621.00,718.00,616.00,894.00,621.00,719.00,616.00,894.00,621.00,719.00,10.50,3
1.60,4,728.00,894.00,239.00,393.00,721.00,893.00,239.00,393.00,721.00,893.00,239.00,393.00,2.00,4
1.60,8,556.00,758.00,415.00,577.00,547.00,755.00,415.00,573.00,547.00,755.00,415.00,573.00,4.00,8
1.60,25,556.00,758.00,415.00,577.00,547.00,755.00,415.00,573.00,547.00,755.00,415.00,573.00,4.00,25
1.60,27,556.00,758.00,415.00,577.00,547.00,755.00,415.00,573.00,547.00,755.00,415.00,573.00,4.00,27
1.60,31,556.00,758.00,415.00,577.00,547.00,755.00,415.00,573.00,547.00,755.00,415.00,573.00,4.00,31
1.60,34,451.00,616.00,333.00,479.00,472.00,644.00,355.00,468.00,472.00,644.00,355.00,468.00,20.50,34
1.60,36,397.00,571.00,239.00,341.00,399.00,573.00,247.00,342.00,399.00,573.00,247.00,342.00,3.25,36
1.60,37,451.00,616.00,333.00,479.00,472.00,644.00,355.00,468.00,472.00,644.00,355.00,468.00,20.50,37
1.64,2,994.00,1250.00,488.00,685.00,988.00,1256.00,486.00,682.00,988.00,1256.00,486.00,682.00,4.25,2
1.64,3,592.00,886.00,626.00,719.00,660.00,881.00,641.00,721.00,660.00,881.00,641.00,721.00,22.50,3
1.64,4,722.00,894.00,239.00,395.00,727.00,895.00,246.00,393.00,727.00,895.00,246.00,393.00,3.75,4
1.64,8,544.00,760.00,417.00,576.00,548.00,763.00,413.00,580.00,548.00,763.00,413.00,580.00,3.75,8
1.64,25,544.00,760.00,417.00,576.00,548.00,763.00,413.00,580.00,548.00,763.00,413.00,580.00,3.75,25
1.64,27,544.00,760.00,417.00,576.00,548.00,763.00,413.00,580.00,548.00,763.00,413.00,580.00,3.75,27
1.64,31,544.00,760.00,417.00,576.00,548.00,763.00,413.00,580.00,548.00,763.00,413.00,580.00,3.75,31
1.64,34,497.00,668.00,370.00,464.00,472.00,649.00,354.00,468.00,472.00,649.00,354.00,468.00,16.00,34
1.64,36,404.00,573.00,255.00,344.00,391.00,563.00,245.00,351.00,391.00,563.00,245.00,351.00,10.00,36
1.64,37,497.00,668.00,370.00,464.00,472.00,649.00,354.00,468.00,472.00,649.00,354.00,468.00,16.00,37
1.68,2,987.00,1266.00,490.00,691.00,997.00,1258.00,499.00,694.00,997.00,1258.00,499.00,694.00,7.50,2
1.68,3,704.00,868.00,661.00,723.00,664.00,881.00,651.00,723.00,664.00,881.00,651.00,723.00,15.75,3
1.68,4,733.00,897.00,253.00,393.00,726.00,900.00,249.00,396.00,726.00,900.00,249.00,396.00,4.25,4
1.68,8,549.00,771.00,411.00,587.00,547.00,769.00,414.00,589.00,547.00,769.00,414.00,589.00,2.25,8
1.68,25,549.00,771.00,411.00,587.00,547.00,769.00,414.00,589.00,547.00,769.00,414.00,589.00,2.25,25
1.68,27,549.00,771.00,411.00,587.00,547.00,769.00,414.00,589.00,547.00,769.00,414.00,589.00,2.25,27
1.68,31,549.00,771.00,411.00,587.00,547.00,769.00,414.00,589.00,547.00,769.00,414.00,589.00,2.25,31
1.68,34,472.00,654.00,353.00,468.00,482.00,639.00,351.00,479.00,482.00,639.00,351.00,479.00,9.50,34
1.68,36,383.00,553.00,243.00,360.00,389.00,566.00,244.00,350.00,389.00,566.00,244.00,350.00,7.50,36
1.68,37,472.00,654.00,353.00,468.00,482.00,639.00,351.00,479.00,482.00,639.00,351.00,479.00,9.50,37
1.72,2,1006.00,1260.00,512.00,706.00,997.00,1266.00,503.00,695.00,997.00,1266.00,503.00,695.00,8.75,2
1.72,4,725.00,905.00,252.00,399.00,742.00,918.00,251.00,401.00,742.00,918.00,251.00,401.00,8.25,4
1.72,8,546.00,775.00,415.00,598.00,558.00,769.00,424.00,598.00,558.00,769.00,424.00,598.00,6.75,8
1.72,25,546.00,775.00,415.00,598.00,558.00,769.00,424.00,598.00,558.00,769.00,424.00,598.00,6.75,25
1.72,27,546.00,775.00,415.00,598.00,558.00,769.00,424.00,598.00,558.00,769.00,424.00,598.00,6.75,27
1.72,31,546.00,775.00,415.00,598.00,558.00,769.00,424.00,598.00,558.00,769.00,424.00,598.00,6.75,31
1.72,34,492.00,629.00,348.00,490.00,479.00,656.00,368.00,488.00,479.00,656.00,368.00,488.00,15.50,34
1.72,36,387.00,569.00,243.00,349.00,420.00,599.00,268.00,379.00,420.00,599.00,268.00,379.00,29.50,36
1.72,37,492.00,629.00,348.00,490.00,479.00,656.00,368.00,488.00,479.00,656.00,368.00,488.00,15.50,37
1.76,2,997.00,1274.00,507.00,696.00,1006.00,1271.00,508.00,711.00,1006.00,1271.00,508.00,711.00,7.00,2
1.76,4,758.00,936.00,253.00,406.00,748.00,919.00,264.00,406.00,748.00,919.00,264.00,406.00,9.50,4
1.76,8,569.00,769.00,434.00,607.00,560.00,770.00,433.00,604.00,560.00,770.00,433.00,604.00,3.50,8
1.76,25,569.00,769.00,434.00,607.00,560.00,770.00,433.00,604.00,560.00,770.00,433.00,604.00,3.50,25
1.76,27,569.00,769.00,434.00,607.00,560.00,770.00,433.00,604.00,560.00,770.00,433.00,604.00,3.50,27
1.76,31,569.00,769.00,434.00,607.00,560.00,770.00,433.00,604.00,560.00,770.00,433.00,604.00,3.50,31
1.76,34,476.00,673.00,385.00,497.00,480.00,648.00,349.00,489.00,480.00,648.00,349.00,489.00,18.25,34
1.76,37,476.00,673.00,385.00,497.00,480.00,648.00,349.00,489.00,480.00,648.00,349.00,489.00,18.25,37
1.76,40,743.00,921.00,256.00,399.00,745.00,922.00,262.00,403.00,745.00,922.00,262.00,403.00,3.25,40
1.76,41,535.00,763.00,396.00,501.00,528.00,753.00,389.00,497.00,528.00,753.00,389.00,497.00,7.00,41
1.80,2,1015.00,1276.00,513.00,727.00,1015.00,1282.00,514.00,711.00,1015.00,1282.00,514.00,711.00,5.75,2
1.80,4,754.00,920.00,277.00,411.00,754.00,925.00,264.00,412.00,754.00,925.00,264.00,412.00,4.75,4
1.80,8,562.00,771.00,442.00,610.00,561.00,773.00,441.00,610.00,561.00,773.00,441.00,610.00,1.00,8
1.80,25,562.00,771.00,442.00,610.00,561.00,773.00,441.00,610.00,561.00,773.00,441.00,610.00,1.00,25
1.80,27,562.00,771.00,442.00,610.00,561.00,773.00,441.00,610.00,561.00,773.00,441.00,610.00,1.00,27
1.80,31,562.00,771.00,442.00,610.00,561.00,773.00,441.00,610.00,561.00,773.00,441.00,610.00,1.00,31
1.80,34,481.00,640.00,330.00,490.00,478.00,658.00,346.00,501.00,478.00,658.00,346.00,501.00,12.00,34
1.80,37,481.00,640.00,330.00,490.00,478.00,658.00,346.00,501.00,478.00,658.00,346.00,501.00,12.00,37
1.80,42,408.00,590.00,260.00,382.00,411.00,590.00,266.00,385.00,411.00,590.00,266.00,385.00,3.00,42
1.84,2,1024.00,1293.00,520.00,711.00,1016.00,1286.00,518.00,714.00,1016.00,1286.00,518.00,714.00,5.00,2
1.84,4,760.00,931.00,264.00,418.00,757.00,932.00,268.00,423.00,757.00,932.00,268.00,423.00,3.25,4
1.84,8,562.00,776.00,449.00,616.00,567.00,781.00,445.00,617.00,567.00,781.00,445.00,617.00,3.75,8
1.84,25,562.00,776.00,449.00,616.00,567.00,781.00,445.00,617.00,567.00,781.00,445.00,617.00,3.75,25
1.84,27,562.00,776.00,449.00,616.00,567.00,781.00,445.00,617.00,567.00,781.00,445.00,617.00,3.75,27
1.84,31,562.00,776.00,449.00,616.00,567.00,781.00,445.00,617.00,567.00,781.00,445.00,617.00,3.75,31
1.84,34,476.00,668.00,343.00,513.00,484.00,658.00,362.00,507.00,484.00,658.00,362.00,507.00,10.75,34
1.84,37,476.00,668.00,343.00,513.00,484.00,658.00,362.00,507.00,484.00,658.00,362.00,507.00,10.75,37
1.88,2,1017.00,1290.00,522.00,717.00,1020.00,1286.00,524.00,718.00,1020.00,1286.00,524.00,718.00,2.50,2
1.88,4,760.00,939.00,272.00,434.00,763.00,930.00,267.00,427.00,763.00,930.00,267.00,427.00,6.00,4
1.88,8,573.00,789.00,449.00,624.00,567.00,786.00,448.00,624.00,567.00,786.00,448.00,624.00,2.50,8
1.88,25,573.00,789.00,449.00,624.00,567.00,786.00,448.00,624.00,567.00,786.00,448.00,624.00,2.50,25
1.88,27,573.00,789.00,449.00,624.00,567.00,786.00,448.00,624.00,567.00,786.00,448.00,624.00,2.50,27
1.88,31,573.00,789.00,449.00,624.00,567.00,786.00,448.00,624.00,567.00,786.00,448.00,624.00,2.50,31
1.88,34,490.00,658.00,378.00,513.00,485.00,666.00,364.00,511.00,485.00,666.00,364.00,511.00,7.25,34
1.88,37,490.00,658.00,378.00,513.00,485.00,666.00,364.00,511.00,485.00,666.00,364.00,511.00,7.25,37
1.92,2,1024.00,1286.00,530.00,722.00,1012.00,1276.00,531.00,725.00,1012.00,1276.00,531.00,725.00,6.50,2
1.92,4,769.00,928.00,266.00,431.00,754.00,938.00,273.00,435.00,754.00,938.00,273.00,435.00,9.00,4
1.92,8,567.00,791.00,451.00,631.00,569.00,789.00,454.00,635.00,569.00,789.00,454.00,635.00,2.75,8
1.92,25,567.00,791.00,451.00,631.00,569.00,789.00,454.00,635.00,569.00,789.00,454.00,635.00,2.75,25
1.92,27,567.00,791.00,451.00,631.00,569.00,789.00,454.00,635.00,569.00,789.00,454.00,635.00,2.75,27
1.92,31,567.00,791.00,451.00,631.00,569.00,789.00,454.00,635.00,569.00,789.00,454.00,635.00,2.75,31
1.92,34,486.00,674.00,366.00,515.00,488.00,663.00,366.00,514.00,488.00,663.00,366.00,514.00,3.50,34
1.92,37,486.00,674.00,366.00,515.00,488.00,663.00,366.00,514.00,488.00,663.00,366.00,514.00,3.50,37
1.96,2,1004.00,1266.00,538.00,732.00,1026.00,1273.00,535.00,722.00,1026.00,1273.00,535.00,722.00,10.50,2
1.96,4,745.00,946.00,279.00,443.00,767.00,941.00,277.00,429.00,767.00,941.00,277.00,429.00,10.75,4
1.96,8,571.00,792.00,460.00,646.00,563.00,791.00,454.00,641.00,563.00,791.00,454.00,641.00,5.00,8
1.96,25,571.00,792.00,460.00,646.00,563.00,791.00,454.00,641.00,563.00,791.00,454.00,641.00,5.00,25
1.96,27,571.00,792.00,460.00,646.00,563.00,791.00,454.00,641.00,563.00,791.00,454.00,641.00,5.00,27
1.96,31,571.00,792.00,460.00,646.00,563.00,791.00,454.00,641.00,563.00,791.00,454.00,641.00,5.00,31
1.96,34,491.00,660.00,368.00,517.00,494.00,661.00,386.00,520.00,494.00,661.00,386.00,520.00,6.25,34
1.96,37,491.00,660.00,368.00,517.00,494.00,661.00,386.00,520.00,494.00,661.00,386.00,520.00,6.25,37
2.00,2,1040.00,1270.00,539.00,719.00,1042.00,1279.00,547.00,720.00,1042.00,1279.00,547.00,720.00,5.00,2
2.00,4,780.00,944.00,281.00,423.00,768.00,950.00,278.00,431.00,768.00,950.00,278.00,431.00,7.25,4
2.00,8,557.00,793.00,454.00,647.00,562.00,803.00,462.00,648.00,562.00,803.00,462.00,648.00,6.00,8
2.00,25,557.00,793.00,454.00,647.00,562.00,803.00,462.00,648.00,562.00,803.00,462.00,648.00,6.00,25
2.00,27,557.00,793.00,454.00,647.00,562.00,803.00,462.00,648.00,562.00,803.00,462.00,648.00,6.00,27
2.00,31,557.00,793.00,454.00,647.00,562.00,803.00,462.00,648.00,562.00,803.00,462.00,648.00,6.00,31
2.00,34,500.00,659.00,406.00,526.00,499.00,672.00,375.00,527.00,499.00,672.00,375.00,527.00,11.50,34
2.00,37,500.00,659.00,406.00,526.00,499.00,672.00,375.00,527.00,499.00,672.00,375.00,527.00,11.50,37
2.04,2,1058.00,1285.00,559.00,718.00,1044.00,1277.00,552.00,718.00,1044.00,1277.00,552.00,718.00,7.25,2
2.04,4,769.00,959.00,279.00,433.00,770.00,958.00,278.00,431.00,770.00,958.00,278.00,431.00,1.25,4
2.04,8,561.00,815.00,470.00,655.00,560.00,805.00,473.00,657.00,560.00,805.00,473.00,657.00,4.00,8
2.04,25,561.00,815.00,470.00,655.00,560.00,805.00,473.00,657.00,560.00,805.00,473.00,657.00,4.00,25
2.04,27,561.00,815.00,470.00,655.00,560.00,805.00,473.00,657.00,560.00,805.00,473.00,657.00,4.00,27
2.04,31,561.00,815.00,470.00,655.00,560.00,805.00,473.00,657.00,560.00,805.00,473.00,657.00,4.00,31
2.04,34,504.00,683.00,364.00,534.00,504.00,680.00,388.00,532.00,504.00,680.00,388.00,532.00,7.25,34
2.04,37,504.00,683.00,364.00,534.00,504.00,680.00,388.00,532.00,504.00,680.00,388.00,532.00,7.25,37
2.08,2,1046.00,1275.00,557.00,716.00,1046.00,1276.00,560.00,724.00,1046.00,1276.00,560.00,724.00,3.00,2
2.08,4,772.00,966.00,278.00,431.00,773.00,963.00,285.00,436.00,773.00,963.00,285.00,436.00,4.00,4
2.08,8,558.00,807.00,484.00,666.00,571.00,805.00,486.00,667.00,571.00,805.00,486.00,667.00,4.50,8
2.08,25,558.00,807.00,484.00,666.00,571.00,805.00,486.00,667.00,571.00,805.00,486.00,667.00,4.50,25
2.08,27,558.00,807.00,484.00,666.00,571.00,805.00,486.00,667.00,571.00,805.00,486.00,667.00,4.50,27
2.08,31,558.00,807.00,484.00,666.00,571.00,805.00,486.00,667.00,571.00,805.00,486.00,667.00,4.50,31
2.08,34,509.00,688.00,401.00,537.00,502.00,695.00,383.00,540.00,502.00,695.00,383.00,540.00,8.75,34
2.08,37,509.00,688.00,401.00,537.00,502.00,695.00,383.00,540.00,502.00,695.00,383.00,540.00,8.75,37
2.12,2,1048.00,1275.00,568.00,730.00,1055.00,1275.00,568.00,728.00,1055.00,1275.00,568.00,728.00,2.25,2
2.12,4,776.00,968.00,292.00,441.00,773.00,972.00,287.00,442.00,773.00,972.00,287.00,442.00,3.25,4
2.12,8,582.00,805.00,499.00,677.00,564.00,808.00,484.00,675.00,564.00,808.00,484.00,675.00,9.50,8
2.12,25,582.00,805.00,499.00,677.00,564.00,808.00,484.00,675.00,564.00,808.00,484.00,675.00,9.50,25
2.12,27,582.00,805.00,499.00,677.00,564.00,808.00,484.00,675.00,564.00,808.00,484.00,675.00,9.50,27
2.12,31,582.00,805.00,499.00,677.00,564.00,808.00,484.00,675.00,564.00,808.00,484.00,675.00,9.50,31
2.12,34,500.00,710.00,378.00,548.00,507.00,698.00,378.00,545.00,507.00,698.00,378.00,545.00,5.50,34
2.12,37,500.00,710.00,378.00,548.00,507.00,698.00,378.00,545.00,507.00,698.00,378.00,545.00,5.50,37
2.16,2,1064.00,1274.00,576.00,732.00,1067.00,1280.00,578.00,727.00,1067.00,1280.00,578.00,727.00,4.00,2
2.16,4,773.00,981.00,289.00,448.00,776.00,974.00,288.00,450.00,776.00,974.00,288.00,450.00,3.25,4
2.16,8,557.00,811.00,482.00,683.00,575.00,812.00,489.00,681.00,575.00,812.00,489.00,681.00,7.00,8
2.16,25,557.00,811.00,482.00,683.00,575.00,812.00,489.00,681.00,575.00,812.00,489.00,681.00,7.00,25
2.16,27,557.00,811.00,482.00,683.00,575.00,812.00,489.00,681.00,575.00,812.00,489.00,681.00,7.00,27
2.16,31,557.00,811.00,482.00,683.00,575.00,812.00,489.00,681.00,575.00,812.00,489.00,681.00,7.00,31
2.16,34,512.00,701.00,373.00,550.00,510.00,705.00,390.00,546.00,510.00,705.00,390.00,546.00,6.75,34
2.16,37,512.00,701.00,373.00,550.00,510.00,705.00,390.00,546.00,510.00,705.00,390.00,546.00,6.75,37
2.16,49,307.00,408.00,187.00,240.00,307.00,417.00,185.00,238.00,307.00,417.00,185.00,238.00,3.25,49
2.20,2,1079.00,1285.00,588.00,726.00,1067.00,1282.00,584.00,727.00,1067.00,1282.00,584.00,727.00,5.00,2
2.20,4,779.00,976.00,289.00,458.00,788.00,986.00,294.00,441.00,788.00,986.00,294.00,441.00,10.25,4
2.20,8,586.00,816.00,494.00,687.00,582.00,816.00,501.00,688.00,582.00,816.00,501.00,688.00,3.00,8
2.20,25,586.00,816.00,494.00,687.00,582.00,816.00,501.00,688.00,582.00,816.00,501.00,688.00,3.00,25
2.20,27,586.00,816.00,494.00,687.00,582.00,816.00,501.00,688.00,582.00,816.00,501.00,688.00,3.00,27
2.20,31,586.00,816.00,494.00,687.00,582.00,816.00,501.00,688.00,582.00,816.00,501.00,688.00,3.00,31
2.20,34,513.00,712.00,402.00,547.00,512.00,729.00,397.00,544.00,512.00,729.00,397.00,544.00,6.50,34
2.20,37,513.00,712.00,402.00,547.00,512.00,729.00,397.00,544.00,512.00,729.00,397.00,544.00,6.50,37
2.20,50,421.00,582.00,274.00,403.00,429.00,586.00,274.00,409.00,429.00,586.00,274.00,409.00,4.50,50
2.24,2,1067.00,1284.00,590.00,727.00,1063.00,1283.00,592.00,722.00,1063.00,1283.00,592.00,722.00,3.00,2
2.24,4,800.00,998.00,300.00,432.00,788.00,992.00,298.00,454.00,788.00,992.00,298.00,454.00,10.50,4
2.24,8,589.00,820.00,513.00,695.00,583.00,814.00,510.00,699.00,583.00,814.00,510.00,699.00,4.75,8
2.24,25,589.00,820.00,513.00,695.00,583.00,814.00,510.00,699.00,583.00,814.00,510.00,699.00,4.75,25
2.24,27,589.00,820.00,513.00,695.00,583.00,814.00,510.00,699.00,583.00,814.00,510.00,699.00,4.75,27
2.24,31,589.00,820.00,513.00,695.00,583.00,814.00,510.00,699.00,583.00,814.00,510.00,699.00,4.75,31
2.24,34,514.00,753.00,404.00,542.00,517.00,727.00,400.00,559.00,517.00,727.00,400.00,559.00,12.50,34
2.24,37,514.00,753.00,404.00,542.00,517.00,727.00,400.00,559.00,517.00,727.00,400.00,559.00,12.50,37
2.24,50,437.00,590.00,274.00,415.00,429.00,591.00,277.00,413.00,429.00,591.00,277.00,413.00,3.50,50
2.28,2,1059.00,1284.00,600.00,717.00,1069.00,1284.00,602.00,727.00,1069.00,1284.00,602.00,727.00,5.50,2
2.28,4,788.00,998.00,302.00,467.00,792.00,996.00,295.00,457.00,792.00,996.00,295.00,457.00,5.75,4
2.28,8,584.00,812.00,519.00,710.00,591.00,821.00,514.00,709.00,591.00,821.00,514.00,709.00,5.50,8
2.28,25,584.00,812.00,519.00,710.00,591.00,821.00,514.00,709.00,591.00,821.00,514.00,709.00,5.50,25
2.28,27,584.00,812.00,519.00,710.00,591.00,821.00,514.00,709.00,591.00,821.00,514.00,709.00,5.50,27
2.28,31,584.00,812.00,519.00,710.00,591.00,821.00,514.00,709.00,591.00,821.00,514.00,709.00,5.50,31
2.28,34,522.00,725.00,403.00,574.00,522.00,729.00,403.00,569.00,522.00,729.00,403.00,569.00,2.25,34
2.28,37,522.00,725.00,403.00,574.00,522.00,729.00,403.00,569.00,522.00,729.00,403.00,569.00,2.25,37
2.28,50,429.00,596.00,280.00,417.00,431.00,593.00,280.00,418.00,431.00,593.00,280.00,418.00,1.50,50
2.32,2,1075.00,1285.00,612.00,732.00,1073.00,1277.00,609.00,719.00,1073.00,1277.00,609.00,719.00,6.50,2
2.32,4,796.00,1000.00,292.00,460.00,808.00,1000.00,302.00,460.00,808.00,1000.00,302.00,460.00,5.50,4
2.32,8,599.00,828.00,518.00,719.00,593.00,831.00,515.00,716.00,593.00,831.00,515.00,716.00,3.75,8
2.32,25,599.00,828.00,518.00,719.00,593.00,831.00,515.00,716.00,593.00,831.00,515.00,716.00,3.75,25
2.32,27,599.00,828.00,518.00,719.00,593.00,831.00,515.00,716.00,593.00,831.00,515.00,716.00,3.75,27
2.32,31,599.00,828.00,518.00,719.00,593.00,831.00,515.00,716.00,593.00,831.00,515.00,716.00,3.75,31
2.32,34,527.00,731.00,406.00,579.00,528.00,732.00,411.00,573.00,528.00,732.00,411.00,573.00,3.25,34
2.32,37,527.00,731.00,406.00,579.00,528.00,732.00,411.00,573.00,528.00,732.00,411.00,573.00,3.25,37
2.32,50,433.00,595.00,283.00,423.00,431.00,596.00,283.00,420.00,431.00,596.00,283.00,420.00,1.50,50
2.32,51,269.00,396.00,171.00,238.00,310.00,416.00,179.00,239.00,310.00,416.00,179.00,239.00,17.50,51
2.36,2,1077.00,1270.00,616.00,711.00,1089.00,1276.00,616.00,721.00,1089.00,1276.00,616.00,721.00,7.00,2
2.36,4,824.00,1004.00,309.00,463.00,813.00,1002.00,303.00,465.00,813.00,1002.00,303.00,465.00,5.25,4
2.36,8,595.00,841.00,516.00,723.00,592.00,837.00,519.00,722.00,592.00,837.00,519.00,722.00,2.75,8
2.36,25,595.00,841.00,516.00,723.00,592.00,837.00,519.00,722.00,592.00,837.00,519.00,722.00,2.75,25
2.36,27,595.00,841.00,516.00,723.00,592.00,837.00,519.00,722.00,592.00,837.00,519.00,722.00,2.75,27
2.36,31,595.00,841.00,516.00,723.00,592.00,837.00,519.00,722.00,592.00,837.00,519.00,722.00,2.75,31
2.36,34,534.00,735.00,419.00,577.00,535.00,731.00,409.00,576.00,535.00,731.00,409.00,576.00,4.00,34
2.36,37,534.00,735.00,419.00,577.00,535.00,731.00,409.00,576.00,535.00,731.00,409.00,576.00,4.00,37
2.36,50,431.00,599.00,286.00,422.00,436.00,599.00,275.00,423.00,436.00,599.00,275.00,423.00,4.25,50
2.36,51,351.00,436.00,187.00,240.00,304.00,417.00,174.00,239.00,304.00,417.00,174.00,239.00,20.00,51
2.40,4,818.00,1004.00,304.00,470.00,816.00,1004.00,304.00,471.00,816.00,1004.00,304.00,471.00,0.75,4
2.40,8,591.00,843.00,523.00,728.00,601.00,831.00,531.00,720.00,601.00,831.00,531.00,720.00,9.50,8
2.40,25,591.00,843.00,523.00,728.00,601.00,831.00,531.00,720.00,601.00,831.00,531.00,720.00,9.50,25
2.40,27,591.00,843.00,523.00,728.00,601.00,831.00,531.00,720.00,601.00,831.00,531.00,720.00,9.50,27
2.40,31,591.00,843.00,523.00,728.00,601.00,831.00,531.00,720.00,601.00,831.00,531.00,720.00,9.50,31
2.40,34,542.00,730.00,407.00,579.00,538.00,728.00,417.00,583.00,538.00,728.00,417.00,583.00,5.00,34
2.40,37,542.00,730.00,407.00,579.00,538.00,728.00,417.00,583.00,538.00,728.00,417.00,583.00,5.00,37
2.40,50,441.00,602.00,267.00,426.00,447.00,611.00,297.00,430.00,447.00,611.00,297.00,430.00,12.25,50
2.40,51,298.00,418.00,169.00,239.00,300.00,419.00,172.00,241.00,300.00,419.00,172.00,241.00,2.00,51
2.44,4,819.00,1006.00,305.00,477.00,827.00,1005.00,306.00,473.00,827.00,1005.00,306.00,473.00,3.50,4
2.44,8,610.00,825.00,543.00,718.00,606.00,832.00,538.00,718.00,606.00,832.00,538.00,718.00,4.00,8
2.44,25,610.00,825.00,543.00,718.00,606.00,832.00,538.00,718.00,606.00,832.00,538.00,718.00,4.00,25
2.44,27,610.00,825.00,543.00,718.00,606.00,832.00,538.00,718.00,606.00,832.00,538.00,718.00,4.00,27
2.44,31,610.00,825.00,543.00,718.00,606.00,832.00,538.00,718.00,606.00,832.00,538.00,718.00,4.00,31
2.44,34,541.00,725.00,425.00,590.00,537.00,738.00,425.00,591.00,537.00,738.00,425.00,591.00,4.50,34
2.44,37,541.00,725.00,425.00,590.00,537.00,738.00,425.00,591.00,537.00,738.00,425.00,591.00,4.50,37
2.44,50,458.00,623.00,319.00,437.00,442.00,614.00,296.00,435.00,442.00,614.00,296.00,435.00,12.50,50
2.44,51,296.00,421.00,170.00,243.00,304.00,415.00,178.00,241.00,304.00,415.00,178.00,241.00,6.00,51
2.48,4,838.00,1006.00,308.00,475.00,830.00,1011.00,313.00,474.00,830.00,1011.00,313.00,474.00,4.75,4
2.48,8,611.00,833.00,545.00,716.00,612.00,835.00,547.00,721.00,612.00,835.00,547.00,721.00,2.50,8
2.48,25,611.00,833.00,545.00,716.00,612.00,835.00,547.00,721.00,612.00,835.00,547.00,721.00,2.50,25
2.48,27,611.00,833.00,545.00,716.00,612.00,835.00,547.00,721.00,612.00,835.00,547.00,721.00,2.50,27
2.48,31,611.00,833.00,545.00,716.00,612.00,835.00,547.00,721.00,612.00,835.00,547.00,721.00,2.50,31
2.48,34,536.00,748.00,433.00,599.00,539.00,733.00,428.00,597.00,539.00,733.00,428.00,597.00,6.25,34
2.48,37,536.00,748.00,433.00,599.00,539.00,733.00,428.00,597.00,539.00,733.00,428.00,597.00,6.25,37
2.48,50,437.00,617.00,295.00,440.00,443.00,616.00,298.00,441.00,443.00,616.00,298.00,441.00,2.75,50
2.48,51,308.00,411.00,184.00,241.00,296.00,415.00,175.00,241.00,296.00,415.00,175.00,241.00,6.25,51
2.52,4,833.00,1017.00,320.00,475.00,827.00,1020.00,314.00,483.00,827.00,1020.00,314.00,483.00,5.75,4
2.52,8,618.00,838.00,556.00,724.00,607.00,841.00,554.00,721.00,607.00,841.00,554.00,721.00,4.75,8
2.52,25,618.00,838.00,556.00,724.00,607.00,841.00,554.00,721.00,607.00,841.00,554.00,721.00,4.75,25
2.52,27,618.00,838.00,556.00,724.00,607.00,841.00,554.00,721.00,607.00,841.00,554.00,721.00,4.75,27
2.52,31,618.00,838.00,556.00,724.00,607.00,841.00,554.00,721.00,607.00,841.00,554.00,721.00,4.75,31
2.52,34,541.00,728.00,431.00,603.00,543.00,737.00,430.00,610.00,543.00,737.00,430.00,610.00,4.75,34
2.52,37,541.00,728.00,431.00,603.00,543.00,737.00,430.00,610.00,543.00,737.00,430.00,610.00,4.75,37
2.52,50,444.00,618.00,300.00,447.00,437.00,624.00,300.00,449.00,437.00,624.00,300.00,449.00,3.75,50
2.52,51,288.00,415.00,172.00,241.00,293.00,418.00,172.00,245.00,293.00,418.00,172.00,245.00,3.00,51
2.56,4,824.00,1029.00,315.00,492.00,829.00,1028.00,321.00,493.00,829.00,1028.00,321.00,493.00,3.25,4
2.56,8,602.00,847.00,561.00,721.00,615.00,846.00,564.00,722.00,615.00,846.00,564.00,722.00,4.50,8
2.56,25,602.00,847.00,561.00,721.00,615.00,846.00,564.00,722.00,615.00,846.00,564.00,722.00,4.50,25
2.56,27,602.00,847.00,561.00,721.00,615.00,846.00,564.00,722.00,615.00,846.00,564.00,722.00,4.50,27
2.56,31,602.00,847.00,561.00,721.00,615.00,846.00,564.00,722.00,615.00,846.00,564.00,722.00,4.50,31
2.56,34,547.00,741.00,432.00,623.00,542.00,742.00,441.00,615.00,542.00,742.00,441.00,615.00,5.75,34
2.56,37,547.00,741.00,432.00,623.00,542.00,742.00,441.00,615.00,542.00,742.00,441.00,615.00,5.75,37
2.56,50,431.00,632.00,302.00,457.00,439.00,616.00,303.00,457.00,439.00,616.00,303.00,457.00,6.25,50
2.56,51,290.00,421.00,169.00,249.00,291.00,417.00,174.00,244.00,291.00,417.00,174.00,244.00,3.75,51
2.60,4,831.00,1036.00,328.00,503.00,834.00,1032.00,328.00,493.00,834.00,1032.00,328.00,493.00,4.25,4
2.60,8,623.00,851.00,574.00,723.00,616.00,852.00,570.00,720.00,616.00,852.00,570.00,720.00,3.75,8
2.60,25,623.00,851.00,574.00,723.00,616.00,852.00,570.00,720.00,616.00,852.00,570.00,720.00,3.75,25
2.60,27,623.00,851.00,574.00,723.00,616.00,852.00,570.00,720.00,616.00,852.00,570.00,720.00,3.75,27
2.60,31,623.00,851.00,574.00,723.00,616.00,852.00,570.00,720.00,616.00,852.00,570.00,720.00,3.75,31
2.60,34,541.00,747.00,452.00,620.00,547.00,745.00,445.00,624.00,547.00,745.00,445.00,624.00,4.75,34
2.60,37,541.00,747.00,452.00,620.00,547.00,745.00,445.00,624.00,547.00,745.00,445.00,624.00,4.75,37
2.60,50,441.00,608.00,306.00,465.00,440.00,631.00,314.00,459.00,440.00,631.00,314.00,459.00,9.50,50
2.60,51,289.00,416.00,176.00,243.00,283.00,419.00,168.00,246.00,283.00,419.00,168.00,246.00,5.00,51
2.64,4,839.00,1036.00,335.00,493.00,836.00,1039.00,328.00,498.00,836.00,1039.00,328.00,498.00,4.50,4
2.64,8,617.00,858.00,576.00,718.00,620.00,855.00,575.00,718.00,620.00,855.00,575.00,718.00,1.75,8
2.64,25,617.00,858.00,576.00,718.00,620.00,855.00,575.00,718.00,620.00,855.00,575.00,718.00,1.75,25
2.64,27,617.00,858.00,576.00,718.00,620.00,855.00,575.00,718.00,620.00,855.00,575.00,718.00,1.75,27
2.64,31,617.00,858.00,576.00,718.00,620.00,855.00,575.00,718.00,620.00,855.00,575.00,718.00,1.75,31
2.64,34,552.00,748.00,449.00,633.00,549.00,752.00,450.00,627.00,549.00,752.00,450.00,627.00,3.50,34
2.64,37,552.00,748.00,449.00,633.00,549.00,752.00,450.00,627.00,549.00,752.00,450.00,627.00,3.50,37
2.64,50,441.00,646.00,325.00,461.00,447.00,638.00,317.00,460.00,447.00,638.00,317.00,460.00,5.75,50
2.64,51,275.00,421.00,162.00,248.00,281.00,415.00,172.00,245.00,281.00,415.00,172.00,245.00,6.25,51
2.68,4,838.00,1046.00,328.00,503.00,845.00,1052.00,335.00,506.00,845.00,1052.00,335.00,506.00,5.75,4
2.68,8,624.00,858.00,580.00,716.00,618.00,856.00,583.00,720.00,618.00,856.00,583.00,720.00,3.75,8
2.68,25,624.00,858.00,580.00,716.00,618.00,856.00,583.00,720.00,618.00,856.00,583.00,720.00,3.75,25
2.68,27,624.00,858.00,580.00,716.00,618.00,856.00,583.00,720.00,618.00,856.00,583.00,720.00,3.75,27
2.68,31,624.00,858.00,580.00,716.00,618.00,856.00,583.00,720.00,618.00,856.00,583.00,720.00,3.75,31
2.68,34,551.00,759.00,455.00,630.00,558.00,770.00,449.00,639.00,558.00,770.00,449.00,639.00,8.25,34
2.68,37,551.00,759.00,455.00,630.00,558.00,770.00,449.00,639.00,558.00,770.00,449.00,639.00,8.25,37
2.68,50,454.00,645.00,320.00,461.00,446.00,648.00,309.00,467.00,446.00,648.00,309.00,467.00,7.00,50
2.68,51,279.00,411.00,176.00,244.00,282.00,419.00,172.00,247.00,282.00,419.00,172.00,247.00,4.50,51
2.72,4,854.00,1065.00,342.00,514.00,846.00,1058.00,335.00,506.00,846.00,1058.00,335.00,506.00,7.50,4
2.72,8,616.00,857.00,591.00,722.00,616.00,874.00,593.00,720.00,616.00,874.00,593.00,720.00,5.25,8
2.72,25,616.00,857.00,591.00,722.00,616.00,874.00,593.00,720.00,616.00,874.00,593.00,720.00,5.25,25
2.72,27,616.00,857.00,591.00,722.00,616.00,874.00,593.00,720.00,616.00,874.00,593.00,720.00,5.25,27
2.72,31,616.00,857.00,591.00,722.00,616.00,874.00,593.00,720.00,616.00,874.00,593.00,720.00,5.25,31
2.72,34,567.00,788.00,448.00,651.00,561.00,780.00,457.00,640.00,561.00,780.00,457.00,640.00,8.50,34
2.72,37,567.00,788.00,448.00,651.00,561.00,780.00,457.00,640.00,561.00,780.00,457.00,640.00,8.50,37
2.72,50,445.00,658.00,301.00,474.00,447.00,635.00,302.00,475.00,447.00,635.00,302.00,475.00,6.75,50
2.72,51,283.00,423.00,172.00,249.00,284.00,414.00,175.00,245.00,284.00,414.00,175.00,245.00,4.25,51
2.76,4,847.00,1064.00,335.00,506.00,851.00,1063.00,337.00,509.00,851.00,1063.00,337.00,509.00,2.50,4
2.76,8,614.00,892.00,603.00,720.00,614.00,868.00,595.00,719.00,614.00,868.00,595.00,719.00,8.25,8
2.76,25,614.00,892.00,603.00,720.00,614.00,868.00,595.00,719.00,614.00,868.00,595.00,719.00,8.25,25
2.76,27,614.00,892.00,603.00,720.00,614.00,868.00,595.00,719.00,614.00,868.00,595.00,719.00,8.25,27
2.76,31,614.00,892.00,603.00,720.00,614.00,868.00,595.00,719.00,614.00,868.00,595.00,719.00,8.25,31
2.76,34,564.00,790.00,465.00,641.00,564.00,787.00,461.00,655.00,564.00,787.00,461.00,655.00,5.25,34
2.76,37,564.00,790.00,465.00,641.00,564.00,787.00,461.00,655.00,564.00,787.00,461.00,655.00,5.25,37
2.76,50,448.00,622.00,295.00,483.00,434.00,641.00,322.00,471.00,434.00,641.00,322.00,471.00,18.00,50
2.76,51,286.00,409.00,178.00,243.00,279.00,415.00,171.00,246.00,279.00,415.00,171.00,246.00,5.75,51
2.80,4,856.00,1068.00,339.00,512.00,853.00,1073.00,340.00,519.00,853.00,1073.00,340.00,519.00,4.00,4
2.80,8,612.00,862.00,597.00,718.00,636.00,875.00,612.00,720.00,636.00,875.00,612.00,720.00,13.50,8
2.80,25,612.00,862.00,597.00,718.00,636.00,875.00,612.00,720.00,636.00,875.00,612.00,720.00,13.50,25
2.80,27,612.00,862.00,597.00,718.00,636.00,875.00,612.00,720.00,636.00,875.00,612.00,720.00,13.50,27
2.80,31,612.00,862.00,597.00,718.00,636.00,875.00,612.00,720.00,636.00,875.00,612.00,720.00,13.50,31
2.80,34,567.00,794.00,465.00,670.00,566.00,787.00,472.00,652.00,566.00,787.00,472.00,652.00,8.25,34
2.80,37,567.00,794.00,465.00,670.00,566.00,787.00,472.00,652.00,566.00,787.00,472.00,652.00,8.25,37
2.80,50,421.00,647.00,342.00,467.00,439.00,638.00,323.00,477.00,439.00,638.00,323.00,477.00,14.00,50
2.80,51,274.00,416.00,167.00,247.00,284.00,413.00,174.00,247.00,284.00,413.00,174.00,247.00,5.00,51
2.84,4,855.00,1083.00,343.00,529.00,868.00,1073.00,344.00,526.00,868.00,1073.00,344.00,526.00,6.75,4
2.84,8,658.00,882.00,629.00,721.00,638.00,876.00,620.00,723.00,638.00,876.00,620.00,723.00,9.25,8
2.84,25,658.00,882.00,629.00,721.00,638.00,876.00,620.00,723.00,638.00,876.00,620.00,723.00,9.25,25
2.84,27,658.00,882.00,629.00,721.00,638.00,876.00,620.00,723.00,638.00,876.00,620.00,723.00,9.25,27
2.84,31,658.00,882.00,629.00,721.00,638.00,876.00,620.00,723.00,638.00,876.00,620.00,723.00,9.25,31
2.84,34,568.00,787.00,483.00,649.00,567.00,796.00,481.00,664.00,567.00,796.00,481.00,664.00,6.75,34
2.84,37,568.00,787.00,483.00,649.00,567.00,796.00,481.00,664.00,567.00,796.00,481.00,664.00,6.75,37
2.84,50,444.00,635.00,324.00,483.00,441.00,638.00,324.00,482.00,441.00,638.00,324.00,482.00,1.75,50
2.84,51,289.00,411.00,177.00,248.00,281.00,421.00,171.00,249.00,281.00,421.00,171.00,249.00,6.25,51
2.88,4,883.00,1073.00,348.00,533.00,874.00,1080.00,352.00,536.00,874.00,1080.00,352.00,536.00,5.75,4
2.88,8,640.00,877.00,628.00,726.00,655.00,870.00,630.00,725.00,655.00,870.00,630.00,725.00,6.25,8
2.88,25,640.00,877.00,628.00,726.00,655.00,870.00,630.00,725.00,655.00,870.00,630.00,725.00,6.25,25
2.88,27,640.00,877.00,628.00,726.00,655.00,870.00,630.00,725.00,655.00,870.00,630.00,725.00,6.25,27
2.88,31,640.00,877.00,628.00,726.00,655.00,870.00,630.00,725.00,655.00,870.00,630.00,725.00,6.25,31
2.88,34,568.00,805.00,490.00,676.00,572.00,793.00,488.00,667.00,572.00,793.00,488.00,667.00,6.75,34
2.88,37,568.00,805.00,490.00,676.00,572.00,793.00,488.00,667.00,572.00,793.00,488.00,667.00,6.75,37
2.88,50,443.00,638.00,325.00,487.00,444.00,642.00,326.00,486.00,444.00,642.00,326.00,486.00,1.75,50
2.88,51,278.00,429.00,168.00,251.00,279.00,423.00,169.00,252.00,279.00,423.00,169.00,252.00,2.25,51
2.92,4,880.00,1087.00,360.00,546.00,885.00,1086.00,360.00,538.00,885.00,1086.00,360.00,538.00,3.50,4
2.92,8,672.00,864.00,640.00,727.00,652.00,868.00,639.00,724.00,652.00,868.00,639.00,724.00,7.00,8
2.92,25,672.00,864.00,640.00,727.00,652.00,868.00,639.00,724.00,652.00,868.00,639.00,724.00,7.00,25
2.92,27,672.00,864.00,640.00,727.00,652.00,868.00,639.00,724.00,652.00,868.00,639.00,724.00,7.00,27
2.92,31,672.00,864.00,640.00,727.00,652.00,868.00,639.00,724.00,652.00,868.00,639.00,724.00,7.00,31
2.92,34,577.00,790.00,495.00,670.00,572.00,799.00,492.00,681.00,572.00,799.00,492.00,681.00,7.00,34
2.92,37,577.00,790.00,495.00,670.00,572.00,799.00,492.00,681.00,572.00,799.00,492.00,681.00,7.00,37
2.92,50,447.00,646.00,328.00,490.00,448.00,643.00,330.00,492.00,448.00,643.00,330.00,492.00,2.00,50
2.92,51,277.00,425.00,167.00,255.00,285.00,420.00,171.00,252.00,285.00,420.00,171.00,252.00,5.00,51
2.96,4,896.00,1092.00,368.00,540.00,887.00,1094.00,364.00,541.00,887.00,1094.00,364.00,541.00,4.00,4
2.96,34,572.00,805.00,496.00,695.00,574.00,815.00,496.00,691.00,574.00,815.00,496.00,691.00,4.00,34
2.96,37,572.00,805.00,496.00,695.00,574.00,815.00,496.00,691.00,574.00,815.00,496.00,691.00,4.00,37
2.96,50,452.00,644.00,334.00,498.00,454.00,645.00,332.00,501.00,454.00,645.00,332.00,501.00,2.00,50
2.96,51,291.00,417.00,173.00,252.00,283.00,425.00,169.00,251.00,283.00,425.00,169.00,251.00,5.25,51
3.00,4,889.00,1102.00,368.00,544.00,894.00,1100.00,371.00,550.00,894.00,1100.00,371.00,550.00,4.00,4
3.00,34,576.00,831.00,500.00,701.00,580.00,826.00,502.00,705.00,580.00,826.00,502.00,705.00,3.75,34
3.00,37,576.00,831.00,500.00,701.00,580.00,826.00,502.00,705.00,580.00,826.00,502.00,705.00,3.75,37
3.00,50,460.00,647.00,334.00,510.00,456.00,653.00,338.00,511.00,456.00,653.00,338.00,511.00,3.75,50
3.00,51,281.00,430.00,167.00,250.00,285.00,420.00,167.00,250.00,285.00,420.00,167.00,250.00,3.50,51
