time,id,class_id,confidence,x_min,x_max,y_min,y_max,border_left,border_right,border_top,border_bottom,pattern,matched
0.000,1947932955648,2,1.000,1114.000,1166.000,201.000,359.000,1,1,1,1,0,False
0.000,1947932957104,2,1.000,1072.000,1129.000,200.000,363.000,1,1,1,1,0,False
0.100,1947932954808,2,1.000,1102.000,1159.000,209.000,338.000,1,1,1,1,0,True
0.100,1947932958224,2,1.000,1060.000,1128.000,206.000,364.000,1,1,1,1,0,True
0.200,1947932957608,2,1.000,1093.000,1156.000,209.000,364.000,1,1,1,1,0,True
0.200,1947932958616,2,1.000,1056.000,1122.000,207.000,364.000,1,1,1,1,0,True
0.300,1947932958448,2,1.000,1092.000,1145.000,201.000,382.000,1,1,1,1,0,True
0.300,1947932955312,2,1.000,1043.000,1108.000,204.000,362.000,1,1,1,1,0,True
0.400,1947932957048,2,0.991,1085.000,1131.000,210.000,324.000,1,1,1,1,0,True
0.400,1947932955424,2,1.000,1040.000,1088.000,208.000,340.000,1,1,1,1,0,True
0.500,1947932958000,2,1.000,1067.000,1124.000,207.000,347.000,1,1,1,1,0,True
0.500,1947932955760,2,1.000,1033.000,1080.000,204.000,339.000,1,1,1,1,0,True
0.600,1947932955200,2,1.000,1057.000,1117.000,200.000,361.000,1,1,1,1,0,True
0.600,1947932955368,2,1.000,1017.000,1073.000,202.000,355.000,1,1,1,1,0,True
0.700,1947932955928,2,1.000,1037.000,1104.000,206.000,357.000,1,1,1,1,0,True
0.700,1947932957216,2,1.000,1011.000,1065.000,205.000,336.000,1,1,1,1,0,True
0.800,1947932957888,2,1.000,1030.000,1093.000,208.000,359.000,1,1,1,1,0,True
0.800,1948357463848,2,1.000,989.000,1056.000,203.000,358.000,1,1,1,1,0,True
0.900,1948357461552,2,1.000,1026.000,1085.000,205.000,351.000,1,1,1,1,0,True
0.900,1948357461328,2,0.931,992.000,1035.000,207.000,320.000,1,1,1,1,0,True
1.000,1948357461888,2,1.000,1014.000,1075.000,201.000,357.000,1,1,1,1,0,True
1.000,1948357462112,2,1.000,977.000,1026.000,200.000,358.000,1,1,1,1,0,True
1.100,1948357461944,2,1.000,1005.000,1061.000,200.000,359.000,1,1,1,1,0,True
1.100,1948357461216,2,1.000,964.000,1023.000,199.000,364.000,1,1,1,1,0,True
1.200,1947846090648,2,1.000,992.000,1047.000,201.000,366.000,1,1,1,1,0,True
1.200,1948357460544,2,1.000,952.000,1007.000,199.000,362.000,1,1,1,1,0,True
1.300,1947932957664,2,1.000,980.000,1039.000,204.000,360.000,1,1,1,1,0,True
1.300,1947932956992,2,1.000,939.000,999.000,202.000,360.000,1,1,1,1,0,True
1.400,1947932955816,2,1.000,969.000,1033.000,205.000,356.000,1,1,1,1,0,True
1.400,1948357460936,2,1.000,925.000,991.000,209.000,353.000,1,1,1,1,0,True
1.500,1947932958392,2,1.000,957.000,1021.000,205.000,358.000,1,1,1,1,0,True
1.500,1948357463904,2,1.000,918.000,974.000,207.000,355.000,1,1,1,1,0,True
1.600,1948357460600,2,0.998,955.000,1001.000,201.000,336.000,1,1,1,1,0,True
1.700,1948357463680,2,1.000,937.000,990.000,202.000,361.000,1,1,1,1,0,True
1.700,1948357460152,2,1.000,894.000,954.000,202.000,360.000,1,1,1,1,0,True
1.800,1948357462392,2,1.000,917.000,984.000,203.000,365.000,1,1,1,1,0,True
1.800,1948357461664,2,1.000,878.000,945.000,203.000,362.000,1,1,1,1,0,True
1.900,1948357461496,2,1.000,897.000,979.000,210.000,362.000,1,1,1,1,0,True
1.900,1948357461440,2,1.000,858.000,941.000,209.000,362.000,1,1,1,1,0,True
2.000,1948357460320,2,1.000,892.000,972.000,205.000,363.000,1,1,1,1,0,True
2.000,1947932861104,2,1.000,852.000,933.000,214.000,361.000,1,1,1,1,0,True
2.200,1947932862168,2,0.965,887.000,938.000,197.000,365.000,1,1,1,1,0,True
2.300,1947932958280,2,1.000,871.000,919.000,207.000,363.000,1,1,1,1,0,True
2.300,1948357462224,2,1.000,826.000,876.000,211.000,360.000,1,1,1,1,0,True
2.400,1948357463232,2,1.000,852.000,912.000,211.000,363.000,1,1,1,1,0,True
2.400,1947932956320,2,1.000,810.000,874.000,206.000,364.000,1,1,1,1,0,True
2.500,1948357460768,2,1.000,829.000,910.000,208.000,361.000,1,1,1,1,0,True
2.500,1947932860488,2,1.000,794.000,871.000,207.000,363.000,1,1,1,1,0,True
2.600,1947932860824,2,1.000,826.000,900.000,203.000,362.000,1,1,1,1,0,True
2.600,1947932863008,2,1.000,790.000,858.000,208.000,365.000,1,1,1,1,0,True
2.700,1947932861720,2,1.000,825.000,873.000,207.000,354.000,1,1,1,1,0,True
2.700,1947932863288,2,1.000,781.000,836.000,211.000,359.000,1,1,1,1,0,True
2.800,1947932863344,2,1.000,807.000,854.000,212.000,360.000,1,1,1,1,0,True
2.800,1947932862840,2,1.000,769.000,812.000,208.000,364.000,1,1,1,1,0,True
2.900,1947932862056,2,1.000,789.000,849.000,213.000,366.000,1,1,1,1,0,True
2.900,1947932862728,2,1.000,747.000,809.000,207.000,364.000,1,1,1,1,0,True
3.000,1947932864128,2,1.000,759.000,843.000,203.000,364.000,1,1,1,1,0,True
3.000,1947932864464,2,1.000,724.000,804.000,205.000,360.000,1,1,1,1,0,True
3.100,1947932863176,2,1.000,751.000,828.000,207.000,368.000,1,1,1,1,0,True
3.100,1947932860768,2,1.000,713.000,791.000,205.000,365.000,1,1,1,1,0,True
3.200,1947932861216,2,1.000,744.000,804.000,201.000,365.000,1,1,1,1,0,True
3.200,1947932913960,2,1.000,708.000,763.000,202.000,365.000,1,1,1,1,0,True
3.300,1947932863904,2,1.000,731.000,775.000,201.000,367.000,1,1,1,1,0,True
3.300,1948357462000,2,1.000,693.000,735.000,206.000,367.000,1,1,1,1,0,True
3.400,1947932860656,2,1.000,700.000,773.000,208.000,367.000,1,1,1,1,0,True
3.400,1947932862616,2,1.000,660.000,730.000,205.000,367.000,1,1,1,1,0,True
3.500,1947932861552,2,1.000,681.000,763.000,212.000,365.000,1,1,1,1,0,True
3.500,1947932914688,2,1.000,638.000,720.000,210.000,368.000,1,1,1,1,0,True
3.600,1947932862896,2,1.000,671.000,738.000,214.000,366.000,1,1,1,1,0,True
3.600,1947932915640,2,1.000,631.000,697.000,213.000,364.000,1,1,1,1,0,True
3.700,1947932917320,2,1.000,659.000,708.000,209.000,370.000,1,1,1,1,0,True
3.700,1947932917376,2,1.000,618.000,672.000,207.000,369.000,1,1,1,1,0,True
3.800,1947932917600,2,1.000,636.000,697.000,206.000,366.000,1,1,1,1,0,True
3.800,1947932916032,2,1.000,591.000,659.000,206.000,372.000,1,1,1,1,0,True
3.900,1947932915080,2,1.000,604.000,688.000,210.000,373.000,1,1,1,1,0,True
3.900,1947932916872,2,1.000,565.000,648.000,207.000,370.000,1,1,1,1,0,True
4.000,1947932914408,2,1.000,596.000,669.000,215.000,369.000,1,1,1,1,0,True
4.000,1947932914520,2,1.000,551.000,630.000,207.000,368.000,1,1,1,1,0,True
4.100,1947932915136,2,1.000,585.000,643.000,203.000,370.000,1,1,1,1,0,True
4.100,1947932915808,2,1.000,547.000,595.000,209.000,369.000,1,1,1,1,0,True
4.200,1947932915976,2,1.000,562.000,626.000,203.000,371.000,1,1,1,1,0,True
4.200,1947932917712,2,1.000,517.000,583.000,208.000,370.000,1,1,1,1,0,True
4.300,1947932955032,2,1.000,538.000,613.000,210.000,369.000,1,1,1,1,0,True
4.300,1947932863232,2,1.000,497.000,575.000,207.000,368.000,1,1,1,1,0,True
4.400,1947932917488,2,1.000,525.000,603.000,214.000,369.000,1,1,1,1,0,True
4.400,1947932915864,2,1.000,481.000,565.000,209.000,369.000,1,1,1,1,0,True
4.500,1947932913848,2,1.000,519.000,587.000,205.000,372.000,1,1,1,1,0,True
4.500,1947932916648,2,1.000,476.000,549.000,211.000,372.000,1,1,1,1,0,True
4.600,1947932916816,2,1.000,508.000,559.000,201.000,375.000,1,1,1,1,0,True
4.600,1947932768800,2,1.000,465.000,521.000,203.000,370.000,1,1,1,1,0,True
4.700,1947932767456,2,1.000,488.000,557.000,204.000,373.000,1,1,1,1,0,True
4.700,1947932769024,2,1.000,446.000,514.000,205.000,373.000,1,1,1,1,0,True
4.800,1947932766784,2,1.000,471.000,548.000,208.000,375.000,1,1,1,1,0,True
4.800,1947932766504,2,1.000,428.000,508.000,204.000,370.000,1,1,1,1,0,True
4.900,1947932770032,2,1.000,459.000,541.000,209.000,371.000,1,1,1,1,0,True
4.900,1947932768632,2,1.000,416.000,499.000,208.000,372.000,1,1,1,1,0,True
5.000,1947932767288,2,1.000,450.000,520.000,204.000,372.000,1,1,1,1,0,True
5.000,1947932770144,2,1.000,406.000,482.000,204.000,372.000,1,1,1,1,0,True
5.100,1947932769472,2,1.000,438.000,499.000,201.000,374.000,1,1,1,1,0,True
5.100,1947932768912,2,1.000,402.000,461.000,205.000,373.000,1,1,1,1,0,True
5.200,1947932768184,2,1.000,422.000,491.000,205.000,372.000,1,1,1,1,0,True
5.200,1947932766728,2,1.000,381.000,450.000,203.000,374.000,1,1,1,1,0,True
5.300,1948357464016,2,1.000,407.000,484.000,204.000,369.000,1,1,1,1,0,True
5.300,1947932861440,2,1.000,362.000,454.000,205.000,370.000,1,1,1,1,0,True
5.400,1947932766952,2,1.000,393.000,483.000,207.000,372.000,1,1,1,1,0,True
5.400,1947932770088,2,1.000,346.000,445.000,204.000,370.000,1,1,1,1,0,True
5.500,1947932768856,2,1.000,387.000,445.000,210.000,370.000,1,1,1,1,0,True
5.500,1947932769080,2,1.000,343.000,416.000,204.000,374.000,1,1,1,1,0,True
5.600,1947932767232,2,1.000,376.000,440.000,205.000,373.000,1,1,1,1,0,True
5.600,1947932770256,2,1.000,335.000,396.000,205.000,370.000,1,1,1,1,0,True
5.700,1947932768520,2,1.000,358.000,420.000,206.000,372.000,1,1,1,1,0,True
5.700,1947932810152,2,1.000,319.000,379.000,203.000,377.000,1,1,1,1,0,True
5.800,1947932766896,2,1.000,337.000,420.000,206.000,372.000,1,1,1,1,0,True
5.800,1947932808192,2,1.000,296.000,371.000,203.000,371.000,1,1,1,1,0,True
5.900,1947932811160,2,1.000,322.000,411.000,206.000,371.000,1,1,1,1,0,True
5.900,1947932807296,2,1.000,277.000,364.000,205.000,370.000,1,1,1,1,0,True
6.000,1947932811216,2,1.000,310.000,400.000,205.000,372.000,1,1,1,1,0,True
6.000,1947932807632,2,1.000,266.000,363.000,205.000,374.000,1,1,1,1,0,True
6.100,1947932809480,2,1.000,302.000,377.000,206.000,377.000,1,1,1,1,0,True
6.100,1947932809760,2,1.000,261.000,338.000,204.000,374.000,1,1,1,1,0,True
6.200,1947932809704,2,1.000,291.000,354.000,201.000,374.000,1,1,1,1,0,True
6.200,1947932810992,2,1.000,253.000,315.000,203.000,371.000,1,1,1,1,0,True
6.300,1948357462448,2,1.000,277.000,346.000,205.000,372.000,1,1,1,1,0,True
6.300,1947932767568,2,1.000,232.000,302.000,205.000,374.000,1,1,1,1,0,True
6.400,1947932767848,2,1.000,253.000,339.000,198.000,375.000,1,1,1,1,0,True
6.400,1947932810544,2,1.000,207.000,297.000,202.000,375.000,1,1,1,1,0,True
6.500,1947932769920,2,1.000,239.000,333.000,206.000,374.000,1,1,1,1,0,True
6.500,1947932807352,2,1.000,199.000,290.000,202.000,371.000,1,1,1,1,0,True
6.600,1947932808808,2,1.000,234.000,323.000,207.000,377.000,1,1,1,1,0,True
6.700,1947932807464,2,1.000,221.000,302.000,205.000,378.000,1,1,1,1,0,True
6.700,1947932810208,2,1.000,190.000,252.000,194.000,374.000,1,1,1,1,0,True
6.800,1947932807520,2,1.000,215.000,281.000,203.000,375.000,1,1,1,1,0,True
6.800,1947932808136,2,1.000,175.000,236.000,204.000,375.000,1,1,1,1,0,True
6.900,1947932807744,2,1.000,201.000,268.000,202.000,377.000,1,1,1,1,0,True
6.900,1947932457168,2,1.000,159.000,227.000,204.000,375.000,1,1,1,1,0,True
7.000,1947932457000,2,1.000,175.000,265.000,206.000,376.000,1,1,1,1,0,True
7.000,1947932457952,2,1.000,137.000,220.000,203.000,377.000,1,1,1,1,0,True
7.100,1947932458064,2,1.000,167.000,252.000,205.000,378.000,1,1,1,1,0,True
7.100,1947932455824,2,1.000,129.000,211.000,204.000,379.000,1,1,1,1,0,True
7.200,1947932458848,2,1.000,159.000,238.000,205.000,379.000,1,1,1,1,0,True
7.200,1947932458232,2,1.000,117.000,201.000,206.000,381.000,1,1,1,1,0,True
7.300,1947932916088,2,1.000,157.000,224.000,202.000,378.000,1,1,1,1,0,True
7.300,1947932769136,2,1.000,113.000,190.000,202.000,381.000,2,1,1,1,0,True
7.400,1947932810432,2,1.000,148.000,210.000,202.000,372.000,1,1,1,1,0,True
7.400,1947932457616,2,1.000,104.000,173.000,200.000,375.000,2,1,1,1,0,True
7.500,1947932810264,2,1.000,134.000,204.000,202.000,378.000,1,1,1,1,0,True
7.500,1947932808920,1,0.587,86.000,171.000,248.000,316.000,2,1,1,1,0,False
7.500,1947932458512,2,1.000,93.000,166.000,202.000,379.000,2,1,1,1,0,True
7.600,1947932457280,2,1.000,122.000,198.000,206.000,375.000,1,1,1,1,0,True
7.600,1947932456216,2,1.000,90.000,165.000,204.000,378.000,2,1,1,1,0,True
