time,id,class_id,confidence,x_min,x_max,y_min,y_max,border_left,border_right,border_top,border_bottom,vx_min,vx_max,vy_min,vy_max,sigma_x_min_00,sigma_x_min_01,sigma_x_min_10,sigma_x_min_11,sigma_x_max_00,sigma_x_max_01,sigma_x_max_10,sigma_x_max_11,sigma_y_min_00,sigma_y_min_01,sigma_y_min_10,sigma_y_min_11,sigma_y_max_00,sigma_y_max_01,sigma_y_max_10,sigma_y_max_11,x_center,y_center,vx_center,vy_center,vx_center_var,vy_center_var,retention_count,body,matched,x_min_d,x_max_d,y_min_d,y_max_d
0.000,1949838578464,2,1.000,1114.000,1166.000,201.000,359.000,1,1,1,1,0.000,0.000,0.000,0.000,200.000,0.000,0.000,10000.000,200.000,0.000,0.000,10000.000,200.000,0.000,0.000,10000.000,200.000,0.000,0.000,10000.000,1140.000,280.000,0.000,0.000,400.000,400.000,0,1947924784128,False,1114.000,1166.000,201.000,359.000
0.000,1947924783960,2,1.000,1072.000,1129.000,200.000,363.000,1,1,1,1,0.000,0.000,0.000,0.000,200.000,0.000,0.000,10000.000,200.000,0.000,0.000,10000.000,200.000,0.000,0.000,10000.000,200.000,0.000,0.000,10000.000,1100.500,281.500,0.000,0.000,400.000,400.000,0,1947924784128,False,1072.000,1129.000,200.000,363.000
0.100,1949838578464,2,1.000,1106.799,1161.799,205.801,346.398,1,1,1,1,-23.995,-13.997,15.997,-41.992,120.016,399.920,399.920,8001.400,120.016,399.920,399.920,8001.400,120.016,399.920,399.920,8001.400,120.016,399.920,399.920,8001.400,1134.299,276.099,-18.996,-12.997,240.032,240.032,0,1947924784128,True,1102.000,1159.000,209.000,338.000
0.100,1947924783960,2,1.000,1064.799,1128.400,203.600,363.600,1,1,1,1,-23.995,-2.000,11.998,2.000,120.016,399.920,399.920,8001.400,120.016,399.920,399.920,8001.400,120.016,399.920,399.920,8001.400,120.016,399.920,399.920,8001.400,1096.599,283.600,-12.997,6.999,240.032,240.032,0,1947924784128,True,1060.000,1128.000,206.000,364.000
0.200,1949838578464,2,1.000,1097.749,1157.833,208.334,354.918,1,1,1,1,-52.489,-24.994,19.995,12.500,116.686,499.906,499.906,5002.812,116.686,499.906,499.906,5002.812,116.686,499.906,499.906,5002.812,116.686,499.906,499.906,5002.812,1127.791,281.626,-38.742,16.248,233.373,233.373,0,1947924784128,True,1093.000,1156.000,209.000,364.000
0.200,1947924783960,2,1.000,1058.666,1124.583,206.084,363.917,1,1,1,1,-39.991,-17.497,17.496,2.499,116.686,499.906,499.906,5002.812,116.686,499.906,499.906,5002.812,116.686,499.906,499.906,5002.812,116.686,499.906,499.906,5002.812,1091.624,285.000,-28.744,9.998,233.373,233.373,0,1947924784128,True,1056.000,1122.000,207.000,364.000
0.300,1949838578464,2,1.000,1092.214,1149.427,204.999,370.932,1,1,1,1,-53.560,-47.135,-0.003,67.849,114.309,428.533,428.533,2860.745,114.309,428.533,428.533,2860.745,114.309,428.533,428.533,2860.745,114.309,428.533,428.533,2860.745,1120.821,287.966,-50.347,33.923,228.619,228.619,0,1947924784128,True,1092.000,1145.000,201.000,382.000
0.300,1947924783960,2,1.000,1047.999,1114.355,205.642,362.928,1,1,1,1,-64.989,-49.279,9.283,-2.143,114.309,428.533,428.533,2860.745,114.309,428.533,428.533,2860.745,114.309,428.533,428.533,2860.745,114.309,428.533,428.533,2860.745,1081.177,284.285,-57.134,3.570,228.619,228.619,0,1947924784128,True,1043.000,1108.000,204.000,362.000
0.400,1949838578464,2,0.991,1085.867,1137.398,207.667,349.059,1,1,1,1,-56.657,-69.994,8.334,-21.689,106.700,333.365,333.365,1670.618,106.700,333.365,333.365,1670.618,106.700,333.365,333.365,1670.618,106.700,333.365,333.365,1670.618,1111.632,278.363,-63.325,-6.677,213.400,213.400,0,1947924784128,True,1085.000,1131.000,210.000,324.000
0.400,1947924783960,2,1.000,1040.700,1097.996,207.333,350.596,1,1,1,1,-67.489,-84.995,11.665,-40.003,106.700,333.365,333.365,1670.618,106.700,333.365,333.365,1670.618,106.700,333.365,333.365,1670.618,106.700,333.365,333.365,1670.618,1069.348,278.965,-76.242,-14.169,213.400,213.400,0,1947924784128,True,1040.000,1088.000,208.000,340.000
0.500,1949838578464,2,1.000,1073.767,1127.280,207.769,346.944,1,1,1,1,-73.588,-78.200,6.410,-21.548,97.483,256.512,256.512,1029.791,97.483,256.512,256.512,1029.791,97.483,256.512,256.512,1029.791,97.483,256.512,256.512,1029.791,1100.523,277.356,-75.894,-7.569,194.966,194.966,0,1947924784128,True,1067.000,1124.000,207.000,347.000
0.500,1947924783960,2,1.000,1033.487,1084.868,206.306,342.893,1,1,1,1,-68.708,-97.174,5.894,-49.745,97.483,256.512,256.512,1029.791,97.483,256.512,256.512,1029.791,97.483,256.512,256.512,1029.791,97.483,256.512,256.512,1029.791,1059.178,274.600,-82.941,-21.926,194.966,194.966,0,1947924784128,True,1033.000,1080.000,204.000,339.000
0.600,1949838578464,2,1.000,1062.239,1118.370,204.683,351.973,1,1,1,1,-83.004,-80.662,-2.007,-5.323,88.636,200.171,200.171,670.993,88.636,200.171,200.171,670.993,88.636,200.171,200.171,670.993,88.636,200.171,200.171,670.993,1090.304,278.328,-81.833,-3.665,177.272,177.272,0,1947924784128,True,1057.000,1117.000,200.000,361.000
0.600,1947924783960,2,1.000,1022.355,1074.197,204.726,345.489,1,1,1,1,-78.333,-99.326,0.994,-32.650,88.636,200.171,200.171,670.993,88.636,200.171,200.171,670.993,88.636,200.171,200.171,670.993,88.636,200.171,200.171,670.993,1048.276,275.108,-88.830,-15.828,177.272,177.272,0,1947924784128,True,1017.000,1073.000,202.000,355.000
0.700,1949838578464,2,1.000,1047.098,1107.758,205.095,353.686,1,1,1,1,-96.498,-85.683,-0.798,-0.894,80.768,159.336,159.336,459.064,80.768,159.336,159.336,459.064,80.768,159.336,159.336,459.064,80.768,159.336,159.336,459.064,1077.428,279.391,-91.091,-0.846,161.536,161.536,0,1947924784128,True,1037.000,1104.000,206.000,357.000
0.700,1947924783960,2,1.000,1013.099,1064.562,204.896,339.710,1,1,1,1,-81.138,-98.741,1.133,-37.608,80.768,159.336,159.336,459.064,80.768,159.336,159.336,459.064,80.768,159.336,159.336,459.064,80.768,159.336,159.336,459.064,1038.830,272.303,-89.939,-18.238,161.536,161.536,0,1947924784128,True,1011.000,1065.000,205.000,336.000
0.800,1949838578464,2,1.000,1034.694,1096.901,206.119,355.594,1,1,1,1,-101.316,-89.687,1.132,2.600,73.947,129.358,129.358,327.316,73.947,129.358,129.358,327.316,73.947,129.358,129.358,327.316,73.947,129.358,129.358,327.316,1065.798,280.857,-95.501,1.866,147.893,147.893,0,1947924784128,True,1030.000,1093.000,208.000,359.000
0.800,1947924783960,2,1.000,999.075,1055.173,204.266,344.102,1,1,1,1,-91.478,-97.892,-0.167,-23.346,73.947,129.358,129.358,327.316,73.947,129.358,129.358,327.316,73.947,129.358,129.358,327.316,73.947,129.358,129.358,327.316,1027.124,274.184,-94.685,-11.756,147.893,147.893,0,1947924784128,True,989.000,1056.000,203.000,358.000
0.900,1949838578464,2,1.000,1025.052,1086.934,205.813,354.202,1,1,1,1,-100.547,-91.254,0.474,0.005,68.070,106.922,106.922,241.661,68.070,106.922,106.922,241.661,68.070,106.922,106.922,241.661,68.070,106.922,106.922,241.661,1055.993,280.007,-95.901,0.239,136.140,136.140,0,1947924784128,True,1026.000,1085.000,205.000,351.000
0.900,1947924783960,2,0.931,990.633,1041.850,205.186,334.359,1,1,1,1,-90.369,-103.443,1.304,-34.984,68.070,106.922,106.922,241.661,68.070,106.922,106.922,241.661,68.070,106.922,106.922,241.661,68.070,106.922,106.922,241.661,1016.241,269.772,-96.906,-16.840,136.140,136.140,0,1947924784128,True,992.000,1035.000,207.000,320.000
1.000,1949838578464,2,1.000,1014.683,1076.924,204.329,355.084,1,1,1,1,-100.995,-92.515,-1.708,1.261,63.000,89.795,89.795,183.806,63.000,89.795,89.795,183.806,63.000,89.795,89.795,183.806,63.000,89.795,89.795,183.806,1045.804,279.707,-96.755,-0.224,126.000,126.000,0,1947924784128,True,1014.000,1075.000,201.000,357.000
1.000,1947924783960,2,1.000,980.148,1029.771,203.642,339.410,1,1,1,1,-92.433,-105.915,-1.083,-22.799,63.000,89.795,89.795,183.806,63.000,89.795,89.795,183.806,63.000,89.795,89.795,183.806,63.000,89.795,89.795,183.806,1004.960,271.526,-99.174,-11.941,126.000,126.000,0,1947924784128,True,977.000,1026.000,200.000,358.000
1.100,1949838578464,2,1.000,1004.706,1065.717,202.940,356.321,1,1,1,1,-100.836,-95.067,-3.298,2.710,58.606,76.477,76.477,143.441,58.606,76.477,76.477,143.441,58.606,76.477,76.477,143.441,58.606,76.477,76.477,143.441,1035.211,279.630,-97.951,-0.294,117.212,117.212,0,1947924784128,True,1005.000,1061.000,200.000,359.000
1.100,1947924783960,2,1.000,968.882,1020.299,202.205,345.004,1,1,1,1,-95.073,-104.454,-2.817,-12.524,58.606,76.477,76.477,143.441,58.606,76.477,76.477,143.441,58.606,76.477,76.477,143.441,58.606,76.477,76.477,143.441,994.590,273.604,-99.764,-7.670,117.212,117.212,0,1947924784128,True,964.000,1023.000,199.000,364.000
1.200,1949838578464,2,1.000,993.904,1053.688,202.169,359.168,1,1,1,1,-101.700,-98.104,-3.829,5.813,54.776,65.947,65.947,114.494,54.776,65.947,65.947,114.494,54.776,65.947,65.947,114.494,54.776,65.947,65.947,114.494,1023.796,280.669,-99.902,0.992,109.551,109.551,0,1947924784128,True,992.000,1047.000,201.000,366.000
1.200,1947924783960,2,1.000,957.355,1009.072,201.123,348.749,1,1,1,1,-97.505,-105.395,-3.780,-6.507,54.776,65.947,65.947,114.494,54.776,65.947,65.947,114.494,54.776,65.947,65.947,114.494,54.776,65.947,65.947,114.494,983.213,274.936,-101.450,-5.144,109.551,109.551,0,1947924784128,True,952.000,1007.000,199.000,362.000
1.300,1949838578464,2,1.000,982.774,1042.624,202.355,359.814,1,1,1,1,-102.774,-99.506,-3.193,5.885,51.417,57.499,57.499,93.243,51.417,57.499,57.499,93.243,51.417,57.499,57.499,93.243,51.417,57.499,57.499,93.243,1012.699,281.085,-101.140,1.346,102.834,102.834,0,1947924784128,True,980.000,1039.000,204.000,360.000
1.300,1947924783960,2,1.000,945.392,998.653,201.067,351.158,1,1,1,1,-99.978,-105.260,-3.420,-3.085,51.417,57.499,57.499,93.243,51.417,57.499,57.499,93.243,51.417,57.499,57.499,93.243,51.417,57.499,57.499,93.243,972.022,276.113,-102.619,-3.252,102.834,102.834,0,1947924784128,True,939.000,999.000,202.000,360.000
1.400,1949838578464,2,1.000,971.649,1032.752,202.754,359.336,1,1,1,1,-103.659,-99.424,-2.442,4.770,48.456,50.633,50.633,77.325,48.456,50.633,50.633,77.325,48.456,50.633,50.633,77.325,48.456,50.633,50.633,77.325,1002.201,281.045,-101.541,1.164,96.912,96.912,0,1947924784128,True,969.000,1033.000,205.000,356.000
1.400,1947924783960,2,1.000,932.876,988.823,202.730,351.371,1,1,1,1,-102.610,-104.533,-1.325,-2.541,48.456,50.633,50.633,77.325,48.456,50.633,50.633,77.325,48.456,50.633,50.633,77.325,48.456,50.633,50.633,77.325,960.849,277.050,-103.571,-1.933,96.912,96.912,0,1947924784128,True,925.000,991.000,209.000,353.000
1.500,1949838578464,2,1.000,960.302,1022.395,203.080,359.397,1,1,1,1,-104.622,-99.831,-1.882,4.362,45.831,44.991,44.991,65.195,45.831,44.991,44.991,65.195,45.831,44.991,44.991,65.195,45.831,44.991,44.991,65.195,991.349,281.239,-102.227,1.240,91.662,91.662,0,1947924784128,True,957.000,1021.000,205.000,358.000
1.500,1947924783960,2,1.000,921.557,977.368,203.606,352.006,1,1,1,1,-103.648,-105.516,-0.334,-1.667,45.831,44.991,44.991,65.195,45.831,44.991,44.991,65.195,45.831,44.991,44.991,65.195,45.831,44.991,44.991,65.195,949.463,277.806,-104.582,-1.001,91.662,91.662,0,1947924784128,True,918.000,974.000,207.000,355.000
1.600,1949838578464,2,0.998,950.962,1009.930,202.481,354.651,1,1,1,1,-103.582,-102.131,-2.264,-0.441,43.494,40.309,40.309,55.814,43.494,40.309,40.309,55.814,43.494,40.309,40.309,55.814,43.494,40.309,40.309,55.814,980.446,278.566,-102.857,-1.352,86.988,86.988,0,1947924784128,True,955.000,1001.000,201.000,336.000
1.600,1947924783960,2,1.000,911.193,966.817,203.573,351.840,1,1,1,1,-103.648,-105.516,-0.334,-1.667,55.581,51.511,51.511,66.195,55.581,51.511,51.511,66.195,55.581,51.511,51.511,66.195,55.581,51.511,51.511,66.195,939.005,277.706,-104.582,-1.001,111.163,111.163,1,1947924784128,False,918.000,974.000,207.000,355.000
1.700,1949838578464,2,1.000,939.858,997.706,202.202,355.930,1,1,1,1,-104.238,-103.899,-2.310,0.722,41.404,36.390,36.390,48.464,41.404,36.390,36.390,48.464,41.404,36.390,36.390,48.464,41.404,36.390,36.390,48.464,968.782,279.066,-104.068,-0.794,82.809,82.809,0,1947924784128,True,937.000,990.000,202.000,361.000
1.700,1947924783960,2,1.000,899.121,955.699,203.155,353.754,1,1,1,1,-105.137,-106.010,-0.670,0.148,49.988,43.601,43.601,54.523,49.988,43.601,43.601,54.523,49.988,43.601,43.601,54.523,49.988,43.601,43.601,54.523,927.410,278.455,-105.573,-0.261,99.976,99.976,0,1947924784128,True,894.000,954.000,202.000,360.000
1.800,1949838578464,2,1.000,926.976,986.660,202.174,357.781,1,1,1,1,-106.295,-104.447,-2.140,2.211,39.530,33.086,33.086,42.642,39.530,33.086,33.086,42.642,39.530,33.086,33.086,42.642,39.530,33.086,33.086,42.642,956.818,279.977,-105.371,0.035,79.059,79.059,0,1947924784128,True,917.000,984.000,203.000,365.000
1.800,1947924783960,2,1.000,886.180,945.076,203.068,355.653,1,1,1,1,-107.143,-106.028,-0.687,1.705,45.770,37.827,37.827,46.245,45.770,37.827,37.827,46.245,45.770,37.827,37.827,46.245,45.770,37.827,37.827,46.245,915.628,279.360,-106.586,0.509,91.541,91.541,0,1947924784128,True,878.000,945.000,203.000,362.000
1.900,1949838578464,2,1.000,912.686,976.742,203.481,358.758,1,1,1,1,-109.224,-104.026,-0.922,2.816,37.842,30.283,30.283,37.987,37.842,30.283,30.283,37.987,37.842,30.283,30.283,37.987,37.842,30.283,30.283,37.987,944.714,281.120,-106.625,0.947,75.684,75.684,0,1947924784128,True,897.000,979.000,210.000,362.000
1.900,1947924783960,2,1.000,871.758,935.858,204.273,357.135,1,1,1,1,-110.063,-104.937,0.317,2.738,42.457,33.440,33.440,40.147,42.457,33.440,33.440,40.147,42.457,33.440,33.440,40.147,42.457,33.440,33.440,40.147,903.808,280.704,-107.500,1.527,84.913,84.913,0,1947924784128,True,858.000,941.000,209.000,362.000
2.000,1949838578464,2,1.000,899.991,967.368,203.682,359.759,1,1,1,1,-110.586,-103.236,-0.698,3.368,36.320,27.893,27.893,34.234,36.320,27.893,27.893,34.234,36.320,27.893,27.893,34.234,36.320,27.893,27.893,34.234,933.679,281.720,-106.911,1.335,72.639,72.639,0,1947924784128,True,892.000,972.000,205.000,363.000
2.000,1947924783960,2,1.000,859.011,926.883,206.233,358.123,1,1,1,1,-111.376,-103.791,1.771,3.277,39.773,30.006,30.006,35.527,39.773,30.006,30.006,35.527,39.773,30.006,30.006,35.527,39.773,30.006,30.006,35.527,892.947,282.178,-107.584,2.524,79.546,79.546,0,1947924784128,True,852.000,933.000,214.000,361.000
2.100,1949838578464,2,1.000,888.932,957.044,203.612,360.096,1,1,1,1,-110.586,-103.236,-0.698,3.368,42.340,31.316,31.316,35.234,42.340,31.316,31.316,35.234,42.340,31.316,31.316,35.234,42.340,31.316,31.316,35.234,922.988,281.854,-106.911,1.335,84.681,84.681,1,1947924784128,False,892.000,972.000,205.000,363.000
2.100,1947924783960,2,1.000,847.874,916.504,206.410,358.450,1,1,1,1,-111.376,-103.791,1.771,3.277,46.230,33.559,33.559,36.527,46.230,33.559,33.559,36.527,46.230,33.559,33.559,36.527,46.230,33.559,33.559,36.527,882.189,282.430,-107.584,2.524,92.459,92.459,1,1947924784128,False,852.000,933.000,214.000,361.000
2.200,1949838578464,2,0.965,879.671,945.003,202.254,361.332,1,1,1,1,-109.309,-104.456,-1.613,4.007,39.394,27.977,27.977,31.360,39.394,27.977,27.977,31.360,39.394,27.977,27.977,31.360,39.394,27.977,27.977,31.360,912.337,281.793,-106.883,1.197,78.787,78.787,0,1947924784128,True,887.000,938.000,197.000,365.000
2.200,1947924783960,2,1.000,836.736,906.125,206.587,358.778,1,1,1,1,-111.376,-103.791,1.771,3.277,53.407,37.212,37.212,37.527,53.407,37.212,37.212,37.527,53.407,37.212,37.212,37.527,53.407,37.212,37.212,37.527,871.430,282.682,-107.584,2.524,106.814,106.814,2,1947924784128,False,852.000,933.000,214.000,361.000
2.300,1949838578464,2,1.000,869.158,931.679,203.000,361.967,1,1,1,1,-109.023,-106.429,-0.991,4.168,37.003,25.357,25.357,28.416,37.003,25.357,25.357,28.416,37.003,25.357,25.357,28.416,37.003,25.357,25.357,28.416,900.419,282.484,-107.726,1.589,74.005,74.005,0,1947924784128,True,871.000,919.000,207.000,363.000
2.300,1947924783960,2,1.000,825.693,891.112,207.758,359.315,1,1,1,1,-111.313,-106.887,2.435,3.417,46.934,31.351,31.351,32.106,46.934,31.351,31.351,32.106,46.934,31.351,31.351,32.106,46.934,31.351,31.351,32.106,858.402,283.537,-109.100,2.926,93.867,93.867,0,1947924784128,True,826.000,876.000,211.000,360.000
2.400,1949838578464,2,1.000,857.160,919.454,204.319,362.492,1,1,1,1,-109.751,-107.479,-0.049,4.239,35.023,23.260,23.260,26.136,35.023,23.260,23.260,26.136,35.023,23.260,23.260,26.136,35.023,23.260,23.260,26.136,888.307,283.406,-108.615,2.095,70.046,70.046,0,1947924784128,True,852.000,912.000,211.000,363.000
2.400,1947924783960,2,1.000,813.597,879.065,207.578,360.575,1,1,1,1,-111.935,-107.762,2.163,4.009,42.287,27.254,27.254,28.396,42.287,27.254,27.254,28.396,42.287,27.254,27.254,28.396,42.287,27.254,27.254,28.396,846.331,284.077,-109.848,3.086,84.574,84.574,0,1947924784128,True,810.000,874.000,206.000,364.000
2.500,1949838578464,2,1.000,843.319,908.922,204.929,362.596,1,1,1,1,-111.603,-107.340,0.349,4.033,33.359,21.558,21.558,24.347,33.359,21.558,21.558,24.347,33.359,21.558,21.558,24.347,33.359,21.558,21.558,24.347,876.120,283.763,-109.471,2.191,66.717,66.717,0,1947924784128,True,829.000,910.000,208.000,361.000
2.500,1947924783960,2,1.000,800.774,868.815,207.641,361.369,1,1,1,1,-112.954,-107.433,2.066,4.254,38.789,24.258,24.258,25.746,38.789,24.258,24.258,25.746,38.789,24.258,24.258,25.746,38.789,24.258,24.258,25.746,834.794,284.505,-110.194,3.160,77.577,77.577,0,1947924784128,True,794.000,871.000,207.000,363.000
2.600,1949838578464,2,1.000,831.175,898.477,204.650,362.840,1,1,1,1,-112.224,-107.157,0.151,3.932,31.943,20.161,20.161,22.928,31.943,20.161,20.161,22.928,31.943,20.161,20.161,22.928,31.943,20.161,20.161,22.928,864.826,283.745,-109.691,2.041,63.885,63.885,0,1947924784128,True,826.000,900.000,203.000,362.000
2.600,1947924783960,2,1.000,789.572,858.059,207.875,362.372,1,1,1,1,-112.897,-107.441,2.083,4.607,36.064,21.994,21.994,23.795,36.064,21.994,21.994,23.795,36.064,21.994,21.994,23.795,36.064,21.994,21.994,23.795,823.815,285.124,-110.169,3.345,72.128,72.128,0,1947924784128,True,790.000,858.000,208.000,365.000
2.700,1949838578464,2,1.000,820.728,885.494,205.024,361.815,1,1,1,1,-111.744,-108.560,0.372,3.055,30.727,19.004,19.004,21.795,30.727,19.004,19.004,21.795,30.727,19.004,19.004,21.795,30.727,19.004,19.004,21.795,853.111,283.419,-110.152,1.714,61.453,61.453,0,1947924784128,True,825.000,873.000,207.000,354.000
2.700,1947924783960,2,1.000,778.743,845.397,208.577,362.183,1,1,1,1,-112.622,-108.586,2.378,4.219,33.888,20.244,20.244,22.328,33.888,20.244,20.244,22.328,33.888,20.244,20.244,22.328,33.888,20.244,20.244,22.328,812.070,285.380,-110.604,3.299,67.775,67.775,0,1947924784128,True,781.000,836.000,211.000,359.000
2.800,1949838578464,2,1.000,809.175,871.575,206.091,361.806,1,1,1,1,-111.975,-110.421,0.998,2.864,29.675,18.041,18.041,20.884,29.675,18.041,18.041,20.884,29.675,18.041,18.041,20.884,29.675,18.041,18.041,20.884,840.375,283.948,-111.198,1.931,59.350,59.350,0,1947924784128,True,807.000,854.000,212.000,360.000
2.800,1947924783960,2,1.000,767.725,830.919,208.684,362.829,1,1,1,1,-112.478,-110.713,2.301,4.350,32.116,18.867,18.867,21.208,32.116,18.867,18.867,21.208,32.116,18.867,18.867,21.208,32.116,18.867,18.867,21.208,799.322,285.757,-111.595,3.326,64.232,64.232,0,1947924784128,True,769.000,812.000,208.000,364.000
2.900,1949838578464,2,1.000,796.686,858.875,207.170,362.654,1,1,1,1,-112.748,-111.415,1.585,3.200,28.761,17.234,17.234,20.149,28.761,17.234,17.234,20.149,28.761,17.234,17.234,20.149,28.761,17.234,17.234,20.149,827.781,284.912,-112.082,2.393,57.523,57.523,0,1947924784128,True,789.000,849.000,213.000,366.000
2.900,1947924783960,2,1.000,755.025,818.186,208.621,363.377,1,1,1,1,-113.320,-111.676,2.131,4.416,30.653,17.771,17.771,20.343,30.653,17.771,17.771,20.343,30.653,17.771,17.771,20.343,30.653,17.771,17.771,20.343,786.605,285.999,-112.498,3.273,61.306,61.306,0,1947924784128,True,747.000,809.000,207.000,364.000
3.000,1949838578464,2,1.000,781.719,847.071,206.723,363.117,1,1,1,1,-114.935,-111.807,1.227,3.285,27.964,16.558,16.558,19.556,27.964,16.558,16.558,19.556,27.964,16.558,16.558,19.556,27.964,16.558,16.558,19.556,814.395,284.920,-113.371,2.256,55.928,55.928,0,1947924784128,True,759.000,843.000,203.000,364.000
3.000,1947924783960,2,1.000,740.795,806.574,208.270,363.257,1,1,1,1,-114.984,-111.931,1.807,4.093,29.432,16.891,16.891,19.670,29.432,16.891,16.891,19.670,29.432,16.891,16.891,19.670,29.432,16.891,16.891,19.670,773.684,285.763,-113.457,2.950,58.864,58.864,0,1947924784128,True,724.000,804.000,205.000,360.000
3.100,1949838578464,2,1.000,767.604,834.815,206.867,364.067,1,1,1,1,-116.472,-112.438,1.239,3.649,27.267,15.989,15.989,19.076,27.267,15.989,15.989,19.076,27.267,15.989,15.989,19.076,27.267,15.989,15.989,19.076,801.209,285.467,-114.455,2.444,54.534,54.534,0,1947924784128,True,751.000,828.000,207.000,368.000
3.100,1947924783960,2,1.000,726.982,794.759,207.961,363.855,1,1,1,1,-116.302,-112.286,1.528,4.201,28.405,16.180,16.180,19.145,28.405,16.180,16.180,19.145,28.405,16.180,16.180,19.145,28.405,16.180,16.180,19.145,760.870,285.908,-114.294,2.865,56.810,56.810,0,1947924784128,True,713.000,791.000,205.000,365.000
3.200,1949838578464,2,1.000,754.363,820.963,206.192,364.508,1,1,1,1,-117.399,-113.956,0.774,3.693,26.656,15.512,15.512,18.688,26.656,15.512,15.512,18.688,26.656,15.512,15.512,18.688,26.656,15.512,15.512,18.688,787.663,285.350,-115.678,2.234,53.313,53.313,0,1947924784128,True,744.000,804.000,201.000,365.000
3.200,1947924783960,2,1.000,714.339,780.703,207.272,364.375,1,1,1,1,-116.875,-113.887,1.051,4.258,27.536,15.603,15.603,18.733,27.536,15.603,15.603,18.733,27.536,15.603,15.603,18.733,27.536,15.603,15.603,18.733,747.521,285.824,-115.381,2.655,55.072,55.072,0,1947924784128,True,708.000,763.000,202.000,365.000
3.300,1949838578464,2,1.000,741.105,805.052,205.582,365.154,1,1,1,1,-118.277,-116.568,0.376,3.854,26.121,15.110,15.110,18.375,26.121,15.110,15.110,18.375,26.121,15.110,15.110,18.375,26.121,15.110,15.110,18.375,773.079,285.368,-117.422,2.115,52.243,52.243,0,1947924784128,True,731.000,775.000,201.000,367.000
3.300,1947924783960,2,1.000,701.359,764.717,207.192,365.096,1,1,1,1,-117.606,-116.484,0.947,4.424,26.798,15.135,15.135,18.411,26.798,15.135,15.135,18.411,26.798,15.135,15.135,18.411,26.798,15.135,15.135,18.411,733.038,286.144,-117.045,2.686,53.595,53.595,0,1947924784128,True,693.000,735.000,206.000,367.000
3.400,1949838578464,2,1.000,725.522,790.780,205.925,365.727,1,1,1,1,-120.440,-118.074,0.552,3.962,25.653,14.774,14.774,18.123,25.653,14.774,14.774,18.123,25.653,14.774,14.774,18.123,25.653,14.774,14.774,18.123,758.151,285.826,-119.257,2.257,51.306,51.306,0,1947924784128,True,700.000,773.000,208.000,367.000
3.400,1947924783960,2,1.000,685.725,750.050,206.988,365.729,1,1,1,1,-119.789,-118.186,0.778,4.532,26.169,14.755,14.755,18.158,26.169,14.755,14.755,18.158,26.169,14.755,14.755,18.158,26.169,14.755,14.755,18.158,717.888,286.359,-118.988,2.655,52.338,52.338,0,1947924784128,True,660.000,730.000,205.000,367.000
3.500,1949838578464,2,1.000,709.379,776.956,206.740,365.981,1,1,1,1,-122.794,-119.232,0.988,3.880,25.243,14.493,14.493,17.921,25.243,14.493,14.493,17.921,25.243,14.493,14.493,17.921,25.243,14.493,14.493,17.921,743.168,286.360,-121.013,2.434,50.485,50.485,0,1947924784128,True,681.000,763.000,212.000,365.000
3.500,1947924783960,2,1.000,669.165,735.895,207.442,366.416,1,1,1,1,-122.371,-119.503,0.990,4.663,25.633,14.447,14.447,17.961,25.633,14.447,14.447,17.961,25.633,14.447,14.447,17.961,25.633,14.447,14.447,17.961,702.530,286.929,-120.937,2.827,51.267,51.267,0,1947924784128,True,638.000,720.000,210.000,368.000
3.600,1949838578464,2,1.000,693.852,761.670,207.729,366.323,1,1,1,1,-124.654,-121.159,1.499,3.854,24.884,14.259,14.259,17.760,24.884,14.259,14.259,17.760,24.884,14.259,14.259,17.760,24.884,14.259,14.259,17.760,727.761,287.026,-122.907,2.676,49.769,49.769,0,1947924784128,True,671.000,738.000,214.000,366.000
3.600,1947924783960,2,1.000,653.664,720.553,208.228,366.519,1,1,1,1,-124.212,-121.416,1.378,4.459,25.177,14.198,14.198,17.808,25.177,14.198,14.198,17.808,25.177,14.198,14.198,17.808,25.177,14.198,14.198,17.808,687.108,287.374,-122.814,2.918,50.353,50.353,0,1947924784128,True,631.000,697.000,213.000,364.000
3.700,1949838578464,2,1.000,678.636,744.448,208.017,367.113,1,1,1,1,-126.229,-124.081,1.578,4.085,24.572,14.065,14.065,17.632,24.572,14.065,14.065,17.632,24.572,14.065,14.065,17.632,24.572,14.065,14.065,17.632,711.542,287.565,-125.155,2.832,49.144,49.144,0,1947924784128,True,659.000,708.000,209.000,370.000
3.700,1947924783960,2,1.000,638.362,703.898,208.197,367.217,1,1,1,1,-125.839,-123.964,1.282,4.601,24.788,13.999,13.999,17.690,24.788,13.999,13.999,17.690,24.788,13.999,13.999,17.690,24.788,13.999,13.999,17.690,671.130,287.707,-124.901,2.942,49.575,49.575,0,1947924784128,True,618.000,672.000,207.000,369.000
3.800,1949838578464,2,1.000,662.367,727.783,207.911,367.337,1,1,1,1,-128.315,-126.517,1.427,3.980,24.300,13.905,13.905,17.532,24.300,13.905,13.905,17.532,24.300,13.905,13.905,17.532,24.300,13.905,13.905,17.532,695.075,287.624,-127.416,2.703,48.601,48.601,0,1947924784128,True,636.000,697.000,206.000,366.000
3.800,1947924783960,2,1.000,621.525,687.528,208.040,368.206,1,1,1,1,-128.245,-126.213,1.122,4.900,24.457,13.839,13.839,17.599,24.457,13.839,13.839,17.599,24.457,13.839,13.839,17.599,24.457,13.839,13.839,17.599,654.526,288.123,-127.229,3.011,48.914,48.914,0,1947924784128,True,591.000,659.000,206.000,372.000
3.900,1949838578464,2,1.000,644.056,711.867,208.287,368.368,1,1,1,1,-131.451,-128.386,1.561,4.342,24.065,13.774,13.774,17.453,24.065,13.774,13.774,17.453,24.065,13.774,13.774,17.453,24.065,13.774,13.774,17.453,677.961,288.328,-129.918,2.951,48.130,48.130,0,1947924784128,True,604.000,688.000,210.000,373.000
3.900,1947924783960,2,1.000,603.418,671.654,208.013,368.854,1,1,1,1,-131.242,-128.058,1.042,4.990,24.176,13.714,13.714,17.529,24.176,13.714,13.714,17.529,24.176,13.714,13.714,17.529,24.176,13.714,13.714,17.529,637.536,288.433,-129.650,3.016,48.353,48.353,0,1947924784128,True,565.000,648.000,207.000,370.000
4.000,1949838578464,2,1.000,626.746,695.445,209.226,368.826,1,1,1,1,-133.837,-130.438,2.009,4.356,23.862,13.668,13.668,17.393,23.862,13.668,13.668,17.393,23.862,13.668,13.668,17.393,23.862,13.668,13.668,17.393,661.096,289.026,-132.137,3.182,47.723,47.723,0,1947924784128,True,596.000,669.000,215.000,369.000
4.000,1947924783960,2,1.000,585.591,655.395,207.984,369.191,1,1,1,1,-133.917,-130.022,0.966,4.897,23.939,13.615,13.615,17.476,23.939,13.615,13.615,17.476,23.939,13.615,13.615,17.476,23.939,13.615,13.615,17.476,620.493,288.587,-131.969,2.932,47.879,47.879,0,1947924784128,True,551.000,630.000,207.000,368.000
4.100,1949838578464,2,1.000,610.003,677.735,208.666,369.349,1,1,1,1,-135.763,-133.114,1.572,4.406,23.687,13.582,13.582,17.346,23.687,13.582,13.582,17.346,23.687,13.582,13.582,17.346,23.687,13.582,13.582,17.346,643.869,289.007,-134.438,2.989,47.374,47.374,0,1947924784128,True,585.000,643.000,203.000,370.000
4.100,1947924783960,2,1.000,569.208,636.767,208.190,369.600,1,1,1,1,-135.623,-133.230,1.029,4.851,23.740,13.539,13.539,17.436,23.740,13.539,13.539,17.436,23.740,13.539,13.539,17.436,23.740,13.539,13.539,17.436,602.988,288.895,-134.426,2.940,47.479,47.479,0,1947924784128,True,547.000,595.000,209.000,369.000
4.200,1949838578464,2,1.000,592.375,659.902,208.137,369.932,1,1,1,1,-138.089,-135.710,1.179,4.488,23.537,13.514,13.514,17.311,23.537,13.514,13.514,17.311,23.537,13.514,13.514,17.311,23.537,13.514,13.514,17.311,626.139,289.035,-136.900,2.833,47.075,47.075,0,1947924784128,True,562.000,626.000,203.000,371.000
4.200,1947924783960,2,1.000,551.091,618.677,208.258,370.075,1,1,1,1,-138.228,-135.957,1.009,4.846,23.572,13.482,13.482,17.406,23.572,13.482,13.482,17.406,23.572,13.482,13.482,17.406,23.572,13.482,13.482,17.406,584.884,289.166,-137.092,2.927,47.145,47.145,0,1947924784128,True,517.000,583.000,208.000,370.000
4.300,1949838578464,2,1.000,573.818,642.429,208.460,370.219,1,1,1,1,-140.820,-137.953,1.296,4.395,23.410,13.461,13.461,17.285,23.410,13.461,13.461,17.285,23.410,13.461,13.461,17.285,23.410,13.461,13.461,17.285,608.124,289.339,-139.386,2.845,46.820,46.820,0,1947924784128,True,538.000,613.000,210.000,369.000
4.300,1947924783960,2,1.000,532.550,601.557,208.200,370.259,1,1,1,1,-140.934,-137.978,0.918,4.674,23.433,13.439,13.439,17.383,23.433,13.439,13.439,17.383,23.433,13.439,13.439,17.383,23.433,13.439,13.439,17.383,567.054,289.230,-139.456,2.796,46.866,46.866,0,1947924784128,True,497.000,575.000,207.000,368.000
4.400,1949838578464,2,1.000,555.689,625.648,209.220,370.465,1,1,1,1,-143.150,-139.673,1.659,4.283,23.302,13.420,13.420,17.266,23.302,13.420,13.420,17.266,23.302,13.420,13.420,17.266,23.302,13.420,13.420,17.266,590.668,289.843,-141.412,2.971,46.604,46.604,0,1947924784128,True,525.000,603.000,214.000,369.000
4.400,1947924783960,2,1.000,514.090,585.106,208.374,370.525,1,1,1,1,-143.445,-139.504,0.965,4.558,23.317,13.408,13.408,17.366,23.317,13.408,13.408,17.366,23.317,13.408,13.408,17.366,23.317,13.408,13.408,17.366,549.598,289.450,-141.474,2.762,46.635,46.635,0,1947924784128,True,481.000,565.000,209.000,369.000
4.500,1949838578464,2,1.000,538.777,608.816,208.877,371.022,1,1,1,1,-144.648,-141.325,1.366,4.357,23.211,13.389,13.389,17.252,23.211,13.389,13.389,17.252,23.211,13.389,13.389,17.252,23.211,13.389,13.389,17.252,573.797,289.949,-142.987,2.862,46.422,46.422,0,1947924784128,True,519.000,587.000,205.000,372.000
4.500,1947924783960,2,1.000,496.988,568.583,208.764,371.100,1,1,1,1,-145.034,-140.986,1.134,4.626,23.222,13.386,13.386,17.352,23.222,13.386,13.386,17.352,23.222,13.386,13.386,17.352,23.222,13.386,13.386,17.352,532.786,289.932,-143.010,2.880,46.444,46.444,0,1947924784128,True,476.000,549.000,211.000,372.000
4.600,1949838578464,2,1.000,522.426,590.556,208.086,371.868,1,1,1,1,-145.738,-143.710,0.830,4.594,23.135,13.365,13.365,17.242,23.135,13.365,13.365,17.242,23.135,13.365,13.365,17.242,23.135,13.365,13.365,17.242,556.491,289.977,-144.724,2.712,46.270,46.270,0,1947924784128,True,508.000,559.000,201.000,375.000
4.600,1947924783960,2,1.000,480.461,550.610,208.198,371.381,1,1,1,1,-146.203,-143.225,0.741,4.522,23.144,13.371,13.371,17.341,23.144,13.371,13.371,17.341,23.144,13.371,13.371,17.341,23.144,13.371,13.371,17.341,515.536,289.789,-144.714,2.632,46.288,46.288,0,1947924784128,True,465.000,521.000,203.000,370.000
4.700,1949838578464,2,1.000,505.562,573.972,207.688,372.405,1,1,1,1,-147.063,-144.991,0.552,4.639,23.072,13.349,13.349,17.235,23.072,13.349,13.349,17.235,23.072,13.349,13.349,17.235,23.072,13.349,13.349,17.235,539.767,290.046,-146.027,2.596,46.144,46.144,0,1947924784128,True,488.000,557.000,204.000,373.000
4.700,1947924783960,2,1.000,463.551,533.715,207.894,371.968,1,1,1,1,-147.528,-144.714,0.523,4.600,23.081,13.362,13.362,17.332,23.081,13.362,13.362,17.332,23.081,13.362,13.362,17.332,23.081,13.362,13.362,17.332,498.633,289.931,-146.121,2.561,46.161,46.161,0,1947924784128,True,446.000,514.000,205.000,373.000
4.800,1949838578464,2,1.000,488.570,558.152,207.773,373.114,1,1,1,1,-148.387,-145.756,0.569,4.781,23.020,13.338,13.338,17.230,23.020,13.338,13.338,17.230,23.020,13.338,13.338,17.230,23.020,13.338,13.338,17.230,523.361,290.443,-147.072,2.675,46.040,46.040,0,1947924784128,True,471.000,548.000,208.000,375.000
4.800,1947924783960,2,1.000,446.404,517.949,207.492,372.149,1,1,1,1,-148.917,-145.465,0.259,4.437,23.029,13.357,13.357,17.324,23.029,13.357,13.357,17.324,23.029,13.357,13.357,17.324,23.029,13.357,13.357,17.324,482.176,289.820,-147.191,2.348,46.059,46.059,0,1947924784128,True,428.000,508.000,204.000,370.000
4.900,1949838578464,2,1.000,472.039,543.280,207.964,373.294,1,1,1,1,-149.369,-145.927,0.647,4.608,22.977,13.330,13.330,17.226,22.977,13.330,13.330,17.226,22.977,13.330,13.330,17.226,22.977,13.330,13.330,17.226,507.660,290.629,-147.648,2.628,45.955,45.955,0,1947924784128,True,459.000,541.000,209.000,371.000
4.900,1947924783960,2,1.000,429.729,502.897,207.573,372.524,1,1,1,1,-149.953,-145.759,0.292,4.398,22.989,13.355,13.355,17.316,22.989,13.355,13.355,17.316,22.989,13.355,13.355,17.316,22.989,13.355,13.355,17.316,466.313,290.049,-147.856,2.345,45.977,45.977,0,1947924784128,True,416.000,499.000,208.000,372.000
5.000,1949838578464,2,1.000,456.287,527.691,207.567,373.554,1,1,1,1,-149.843,-146.506,0.379,4.492,22.943,13.326,13.326,17.223,22.943,13.326,13.326,17.223,22.943,13.326,13.326,17.223,22.943,13.326,13.326,17.223,491.989,290.560,-148.174,2.435,45.886,45.886,0,1947924784128,True,450.000,520.000,204.000,372.000
5.000,1947924783960,2,1.000,413.731,487.595,207.189,372.853,1,1,1,1,-150.536,-146.181,0.051,4.334,22.956,13.355,13.355,17.309,22.956,13.355,13.355,17.309,22.956,13.355,13.355,17.309,22.956,13.355,13.355,17.309,450.663,290.021,-148.359,2.192,45.912,45.912,0,1947924784128,True,406.000,482.000,204.000,372.000
5.100,1949838578464,2,1.000,440.925,511.432,206.848,374.003,1,1,1,1,-150.063,-147.442,-0.061,4.491,22.915,13.324,13.324,17.221,22.915,13.324,13.324,17.221,22.915,13.324,13.324,17.221,22.915,13.324,13.324,17.221,476.178,290.425,-148.752,2.215,45.830,45.830,0,1947924784128,True,438.000,499.000,201.000,374.000
5.100,1947924783960,2,1.000,399.058,471.604,206.943,373.254,1,1,1,1,-150.315,-146.981,-0.096,4.314,22.931,13.356,13.356,17.301,22.931,13.356,13.356,17.301,22.931,13.356,13.356,17.301,22.931,13.356,13.356,17.301,435.331,290.098,-148.648,2.109,45.862,45.862,0,1947924784128,True,402.000,461.000,205.000,373.000
5.200,1949838578464,2,1.000,425.470,496.037,206.631,374.171,1,1,1,1,-150.324,-147.820,-0.184,4.328,22.893,13.324,13.324,17.218,22.893,13.324,13.324,17.218,22.893,13.324,13.324,17.218,22.893,13.324,13.324,17.218,460.753,290.401,-149.072,2.072,45.786,45.786,0,1947924784128,True,422.000,491.000,205.000,372.000
5.200,1947924783960,2,1.000,383.680,456.115,206.482,373.721,1,1,1,1,-150.517,-147.442,-0.358,4.335,22.911,13.358,13.358,17.294,22.911,13.358,13.358,17.294,22.911,13.358,13.358,17.294,22.911,13.358,13.358,17.294,419.897,290.102,-148.979,1.989,45.822,45.822,0,1947924784128,True,381.000,450.000,203.000,374.000
5.300,1949838578464,2,1.000,410.044,481.569,206.314,373.963,1,1,1,1,-150.553,-147.638,-0.358,3.955,22.876,13.325,13.325,17.216,22.876,13.325,13.325,17.216,22.876,13.325,13.325,17.216,22.876,13.325,13.325,17.216,445.806,290.138,-149.095,1.798,45.751,45.751,0,1947924784128,True,407.000,484.000,204.000,369.000
5.300,1947924783960,2,1.000,367.870,442.816,206.281,373.679,1,1,1,1,-150.960,-146.599,-0.455,4.058,22.896,13.360,13.360,17.286,22.896,13.360,13.360,17.286,22.896,13.360,13.360,17.286,22.896,13.360,13.360,17.286,405.343,289.980,-148.779,1.801,45.791,45.791,0,1947924784128,True,362.000,454.000,205.000,370.000
5.400,1949838578464,2,1.000,394.762,468.656,206.360,374.089,1,1,1,1,-150.685,-146.558,-0.310,3.797,22.862,13.327,13.327,17.213,22.862,13.327,13.327,17.213,22.862,13.327,13.327,17.213,22.862,13.327,13.327,17.213,431.709,290.225,-148.622,1.744,45.724,45.724,0,1947924784128,True,393.000,483.000,207.000,372.000
5.400,1947924783960,2,1.000,351.999,430.084,205.980,373.618,1,1,1,1,-151.412,-145.473,-0.604,3.785,22.884,13.363,13.363,17.278,22.884,13.363,13.363,17.278,22.884,13.363,13.363,17.278,22.884,13.363,13.363,17.278,391.041,289.799,-148.443,1.590,45.768,45.768,0,1947924784128,True,346.000,445.000,204.000,370.000
5.500,1949838578464,2,1.000,380.528,452.972,206.749,373.958,1,1,1,1,-150.198,-147.158,-0.065,3.500,22.852,13.329,13.329,17.210,22.852,13.329,13.329,17.210,22.852,13.329,13.329,17.210,22.852,13.329,13.329,17.210,416.750,290.353,-148.678,1.717,45.703,45.703,0,1947924784128,True,387.000,445.000,210.000,370.000
5.500,1947924783960,2,1.000,337.560,415.589,205.700,373.997,1,1,1,1,-151.002,-145.442,-0.733,3.785,22.875,13.364,13.364,17.269,22.875,13.364,13.364,17.269,22.875,13.364,13.364,17.269,22.875,13.364,13.364,17.269,376.575,289.848,-148.222,1.526,45.750,45.750,0,1947924784128,True,343.000,416.000,204.000,374.000
5.600,1949838578464,2,1.000,366.707,438.455,206.543,374.159,1,1,1,1,-149.499,-147.042,-0.182,3.413,22.844,13.331,13.331,17.207,22.844,13.331,13.331,17.207,22.844,13.331,13.331,17.207,22.844,13.331,13.331,17.207,402.581,290.351,-148.270,1.615,45.688,45.688,0,1947924784128,True,376.000,440.000,205.000,373.000
5.600,1947924783960,2,1.000,323.894,400.468,205.555,373.875,1,1,1,1,-150.164,-145.779,-0.774,3.493,22.868,13.366,13.366,17.261,22.868,13.366,13.366,17.261,22.868,13.366,13.366,17.261,22.868,13.366,13.366,17.261,362.181,289.715,-147.971,1.359,45.736,45.736,0,1947924784128,True,335.000,396.000,205.000,370.000
5.700,1949838578464,2,1.000,352.470,423.323,206.465,374.214,1,1,1,1,-149.083,-147.292,-0.217,3.246,22.838,13.333,13.333,17.204,22.838,13.333,13.333,17.204,22.838,13.333,13.333,17.204,22.838,13.333,13.333,17.204,387.896,290.340,-148.187,1.515,45.676,45.676,0,1947924784128,True,358.000,420.000,206.000,372.000
5.700,1947924783960,2,1.000,310.035,385.103,205.194,374.541,1,1,1,1,-149.487,-146.240,-0.940,3.678,22.863,13.367,13.367,17.252,22.863,13.367,13.367,17.252,22.863,13.367,13.367,17.252,22.863,13.367,13.367,17.252,347.569,289.868,-147.863,1.369,45.726,45.726,0,1947924784128,True,319.000,379.000,203.000,377.000
5.800,1949838578464,2,1.000,337.497,409.896,206.393,374.249,1,1,1,1,-149.120,-146.532,-0.246,3.077,22.834,13.334,13.334,17.200,22.834,13.334,13.334,17.200,22.834,13.334,13.334,17.200,22.834,13.334,13.334,17.200,373.696,290.321,-147.826,1.415,45.667,45.667,0,1947924784128,True,337.000,420.000,206.000,372.000
5.800,1947924783960,2,1.000,295.190,370.538,204.860,374.462,1,1,1,1,-149.426,-146.205,-1.080,3.417,22.859,13.367,13.367,17.244,22.859,13.367,13.367,17.244,22.859,13.367,13.367,17.244,22.859,13.367,13.367,17.244,332.864,289.661,-147.816,1.168,45.718,45.718,0,1947924784128,True,296.000,371.000,203.000,371.000
5.900,1949838578464,2,1.000,322.518,397.041,206.326,374.151,1,1,1,1,-149.159,-145.481,-0.271,2.839,22.831,13.336,13.336,17.196,22.831,13.336,13.336,17.196,22.831,13.336,13.336,17.196,22.831,13.336,13.336,17.196,359.780,290.238,-147.320,1.284,45.661,45.661,0,1947924784128,True,322.000,411.000,206.000,371.000
5.900,1947924783960,2,1.000,279.877,356.841,204.780,374.255,1,1,1,1,-149.643,-145.665,-1.064,3.096,22.856,13.367,13.367,17.235,22.856,13.367,13.367,17.235,22.856,13.367,13.367,17.235,22.856,13.367,13.367,17.235,318.359,289.518,-147.654,1.016,45.712,45.712,0,1947924784128,True,277.000,364.000,205.000,370.000
6.000,1949838578464,2,1.000,307.876,384.492,206.151,374.157,1,1,1,1,-148.999,-144.313,-0.357,2.677,22.828,13.337,13.337,17.192,22.828,13.337,13.337,17.192,22.828,13.337,13.337,17.192,22.828,13.337,13.337,17.192,346.184,290.154,-146.656,1.160,45.657,45.657,0,1947924784128,True,310.000,400.000,205.000,372.000
6.000,1947924783960,2,1.000,265.037,344.643,204.711,374.500,1,1,1,1,-149.570,-144.280,-1.042,3.058,22.853,13.366,13.366,17.227,22.853,13.366,13.366,17.227,22.853,13.366,13.366,17.227,22.853,13.366,13.366,17.227,304.840,289.606,-146.925,1.008,45.707,45.707,0,1947924784128,True,266.000,363.000,205.000,374.000
6.100,1949838578464,2,1.000,294.006,370.852,206.102,374.718,1,1,1,1,-148.397,-143.851,-0.365,2.849,22.827,13.338,13.338,17.188,22.827,13.338,13.338,17.188,22.827,13.338,13.338,17.188,22.827,13.338,13.338,17.188,332.429,290.410,-146.124,1.242,45.653,45.653,0,1947924784128,True,302.000,377.000,206.000,377.000
6.100,1947924783960,2,1.000,251.327,331.105,204.538,374.714,1,1,1,1,-148.841,-143.760,-1.083,3.004,22.851,13.365,13.365,17.218,22.851,13.365,13.365,17.218,22.851,13.365,13.365,17.218,22.851,13.365,13.365,17.218,291.216,289.626,-146.300,0.961,45.702,45.702,0,1947924784128,True,261.000,338.000,204.000,374.000
6.200,1949838578464,2,1.000,280.517,356.186,205.487,374.889,1,1,1,1,-147.608,-144.015,-0.703,2.782,22.826,13.338,13.338,17.184,22.826,13.338,13.338,17.184,22.826,13.338,13.338,17.184,22.826,13.338,13.338,17.184,318.351,290.188,-145.812,1.040,45.651,45.651,0,1947924784128,True,291.000,354.000,201.000,374.000
6.200,1947924783960,2,1.000,238.335,316.531,204.266,374.556,1,1,1,1,-147.734,-143.875,-1.178,2.736,22.849,13.363,13.363,17.210,22.849,13.363,13.363,17.210,22.849,13.363,13.363,17.210,22.849,13.363,13.363,17.210,277.433,289.411,-145.805,0.779,45.698,45.698,0,1947924784128,True,253.000,315.000,203.000,371.000
6.300,1949838578464,2,1.000,267.039,342.265,205.369,374.806,1,1,1,1,-146.858,-143.734,-0.731,2.571,22.825,13.338,13.338,17.180,22.825,13.338,13.338,17.180,22.825,13.338,13.338,17.180,22.825,13.338,13.338,17.180,304.652,290.088,-145.296,0.920,45.649,45.649,0,1947924784128,True,277.000,346.000,205.000,372.000
6.300,1947924783960,2,1.000,224.525,302.127,204.246,374.735,1,1,1,1,-147.171,-143.885,-1.121,2.681,22.847,13.361,13.361,17.203,22.847,13.361,13.361,17.203,22.847,13.361,13.361,17.203,22.847,13.361,13.361,17.203,263.326,289.490,-145.528,0.780,45.694,45.694,0,1947924784128,True,232.000,302.000,205.000,374.000
6.400,1949838578464,2,1.000,252.427,329.159,204.464,375.055,1,1,1,1,-146.815,-142.993,-1.217,2.567,22.824,13.338,13.338,17.176,22.824,13.338,13.338,17.176,22.824,13.338,13.338,17.176,22.824,13.338,13.338,17.176,290.793,289.760,-144.904,0.675,45.648,45.648,0,1947924784128,True,253.000,339.000,198.000,375.000
6.400,1947924783960,2,1.000,209.487,288.797,203.890,375.002,1,1,1,1,-147.358,-143.266,-1.264,2.681,22.845,13.358,13.358,17.195,22.845,13.358,13.358,17.195,22.845,13.358,13.358,17.195,22.845,13.358,13.358,17.195,249.142,289.446,-145.312,0.708,45.691,45.691,0,1947924784128,True,207.000,297.000,202.000,375.000
6.500,1949838578464,2,1.000,237.889,316.930,204.531,375.162,1,1,1,1,-146.732,-141.783,-1.107,2.479,22.823,13.338,13.338,17.172,22.823,13.338,13.338,17.172,22.823,13.338,13.338,17.172,22.823,13.338,13.338,17.172,277.410,289.847,-144.258,0.686,45.647,45.647,0,1947924784128,True,239.000,333.000,206.000,374.000
6.500,1947924783960,2,1.000,195.237,276.244,203.562,374.783,1,1,1,1,-147.075,-142.229,-1.381,2.395,22.843,13.356,13.356,17.188,22.843,13.356,13.356,17.188,22.843,13.356,13.356,17.188,22.843,13.356,13.356,17.188,235.740,289.172,-144.652,0.507,45.687,45.687,0,1947924784128,True,199.000,290.000,202.000,371.000
6.600,1949838578464,2,1.000,224.446,305.062,204.715,375.592,1,1,1,1,-146.012,-140.433,-0.935,2.585,22.823,13.337,13.337,17.168,22.823,13.337,13.337,17.168,22.823,13.337,13.337,17.168,22.823,13.337,13.337,17.168,264.754,290.153,-143.223,0.825,45.645,45.645,0,1947924784128,True,234.000,323.000,207.000,377.000
6.600,1947924783960,2,1.000,180.529,262.021,203.424,375.022,1,1,1,1,-147.075,-142.229,-1.381,2.395,25.786,15.075,15.075,18.188,25.786,15.075,15.075,18.188,25.786,15.075,15.075,18.188,25.786,15.075,15.075,18.188,221.275,289.223,-144.652,0.507,51.573,51.573,1,1947924784128,False,199.000,290.000,202.000,371.000
6.700,1949838578464,2,1.000,211.118,292.272,204.665,376.096,1,1,1,1,-145.269,-139.701,-0.909,2.728,22.822,13.336,13.336,17.164,22.822,13.336,13.336,17.164,22.822,13.336,13.336,17.164,22.822,13.336,13.336,17.164,251.695,290.380,-142.485,0.909,45.644,45.644,0,1947924784128,True,221.000,302.000,205.000,378.000
6.700,1947924783960,2,1.000,168.891,248.331,202.107,375.102,1,1,1,1,-145.292,-141.919,-2.066,2.302,25.391,14.749,14.749,17.943,25.391,14.749,14.749,17.943,25.391,14.749,14.749,17.943,25.391,14.749,14.749,17.943,208.611,288.604,-143.605,0.118,50.782,50.782,0,1947924784128,True,190.000,252.000,194.000,374.000
6.800,1949838578464,2,1.000,198.692,278.610,204.394,376.212,1,1,1,1,-144.041,-139.521,-1.014,2.637,22.821,13.335,13.335,17.160,22.821,13.335,13.335,17.160,22.821,13.335,13.335,17.160,22.821,13.335,13.335,17.160,238.651,290.303,-141.781,0.811,45.643,45.643,0,1947924784128,True,215.000,281.000,203.000,375.000
6.800,1947924783960,2,1.000,156.946,234.372,202.163,375.290,1,1,1,1,-143.798,-141.785,-1.914,2.278,25.037,14.472,14.472,17.746,25.037,14.472,14.472,17.746,25.037,14.472,14.472,17.746,25.037,14.472,14.472,17.746,195.659,288.727,-142.791,0.182,50.075,50.075,0,1947924784128,True,175.000,236.000,204.000,375.000
6.900,1949838578464,2,1.000,186.194,265.039,204.031,376.536,1,1,1,1,-142.927,-139.298,-1.167,2.672,22.821,13.333,13.333,17.157,22.821,13.333,13.333,17.157,22.821,13.333,13.333,17.157,22.821,13.333,13.333,17.157,225.617,290.283,-141.113,0.752,45.641,45.641,0,1947924784128,True,201.000,268.000,202.000,377.000
6.900,1947924783960,2,1.000,144.597,221.035,202.222,375.454,1,1,1,1,-142.628,-141.300,-1.770,2.241,24.722,14.238,14.238,17.589,24.722,14.238,14.238,17.589,24.722,14.238,14.238,17.589,24.722,14.238,14.238,17.589,182.816,288.838,-141.964,0.236,49.444,49.444,0,1947924784128,True,159.000,227.000,204.000,375.000
7.000,1949838578464,2,1.000,172.255,252.694,204.152,376.711,1,1,1,1,-142.721,-138.372,-1.028,2.619,22.820,13.332,13.332,17.154,22.820,13.332,13.332,17.154,22.820,13.332,13.332,17.154,22.820,13.332,13.332,17.154,212.475,290.432,-140.546,0.795,45.640,45.640,0,1947924784128,True,175.000,265.000,206.000,376.000
7.000,1947924783960,2,1.000,131.149,208.506,202.162,375.840,1,1,1,1,-142.160,-140.381,-1.703,2.334,24.443,14.042,14.042,17.466,24.443,14.042,14.042,17.466,24.443,14.042,14.042,17.466,24.443,14.042,14.042,17.466,169.827,289.001,-141.270,0.316,48.885,48.885,0,1947924784128,True,137.000,220.000,203.000,377.000
7.100,1949838578464,2,1.000,159.012,240.357,204.158,377.090,1,1,1,1,-142.120,-137.496,-0.965,2.687,22.819,13.331,13.331,17.151,22.819,13.331,13.331,17.151,22.819,13.331,13.331,17.151,22.819,13.331,13.331,17.151,199.684,290.624,-139.808,0.861,45.638,45.638,0,1947924784128,True,167.000,252.000,205.000,378.000
7.100,1947924783960,2,1.000,118.393,196.468,202.235,376.427,1,1,1,1,-141.323,-139.233,-1.563,2.537,24.196,13.879,13.879,17.370,24.196,13.879,13.879,17.370,24.196,13.879,13.879,17.370,24.196,13.879,13.879,17.370,157.430,289.331,-140.278,0.487,48.391,48.391,0,1947924784128,True,129.000,211.000,204.000,379.000
7.200,1949838578464,2,1.000,146.420,227.907,204.169,377.546,1,1,1,1,-141.173,-136.737,-0.902,2.796,22.818,13.329,13.329,17.148,22.818,13.329,13.329,17.148,22.818,13.329,13.329,17.148,22.818,13.329,13.329,17.148,187.163,290.857,-138.955,0.947,45.636,45.636,0,1947924784128,True,159.000,238.000,205.000,379.000
7.200,1947924783960,2,1.000,105.788,184.757,202.549,377.199,2,1,1,1,-140.448,-137.965,-1.294,2.834,23.979,13.743,13.743,17.297,23.979,13.743,13.743,17.297,23.979,13.743,13.743,17.297,23.979,13.743,13.743,17.297,145.273,289.874,-139.206,0.770,47.957,47.957,0,1947924784128,True,117.000,201.000,206.000,381.000
7.300,1949838578464,2,1.000,135.120,215.347,203.841,377.846,1,1,1,1,-139.527,-136.086,-1.041,2.808,22.817,13.328,13.328,17.146,22.817,13.328,13.328,17.146,22.817,13.328,13.328,17.146,22.817,13.328,13.328,17.146,175.234,290.843,-137.807,0.884,45.634,45.634,0,1947924784128,True,157.000,224.000,202.000,378.000
7.300,1947924783960,2,1.000,94.272,173.225,202.369,377.901,2,1,1,1,-138.999,-136.667,-1.323,3.074,23.789,13.633,13.633,17.242,23.789,13.633,13.633,17.242,23.789,13.633,13.633,17.242,23.789,13.633,13.633,17.242,133.748,290.135,-137.833,0.876,47.578,47.578,0,1947924784128,True,113.000,190.000,202.000,381.000
7.400,1949838578464,2,1.000,124.229,202.681,203.539,377.428,1,1,1,1,-137.740,-135.536,-1.157,2.400,22.816,13.326,13.326,17.143,22.816,13.326,13.326,17.143,22.816,13.326,13.326,17.143,22.816,13.326,13.326,17.143,163.455,290.483,-136.638,0.622,45.632,45.632,0,1947924784128,True,148.000,210.000,202.000,372.000
7.400,1947924783960,2,1.000,83.163,161.146,201.973,377.829,3,1,1,1,-137.399,-135.757,-1.474,2.857,23.624,13.543,13.543,17.203,23.624,13.543,13.543,17.203,23.624,13.543,13.543,17.203,23.624,13.543,13.543,17.203,122.154,289.901,-136.578,0.691,47.247,47.247,0,1947924784128,True,104.000,173.000,200.000,375.000
7.500,1949838578464,2,1.000,113.141,190.824,203.261,377.706,2,1,1,1,-136.171,-134.545,-1.251,2.422,22.815,13.325,13.325,17.141,22.815,13.325,13.325,17.141,22.815,13.325,13.325,17.141,22.815,13.325,13.325,17.141,151.982,290.483,-135.358,0.585,45.630,45.630,0,1947924784128,True,134.000,204.000,202.000,378.000
7.500,1947924783960,2,1.000,72.191,149.734,201.846,378.219,3,1,1,1,-135.811,-134.516,-1.462,2.916,23.481,13.471,13.471,17.174,23.481,13.471,13.471,17.174,23.481,13.471,13.471,17.174,23.481,13.471,13.471,17.174,110.963,290.032,-135.163,0.727,46.962,46.962,0,1947924784128,True,93.000,166.000,202.000,379.000
7.600,1949838578464,2,1.000,102.087,179.723,203.463,377.611,2,1,1,1,-134.674,-133.171,-1.061,2.226,22.814,13.323,13.323,17.140,22.814,13.323,13.323,17.140,22.814,13.323,13.323,17.140,22.814,13.323,13.323,17.140,140.905,290.537,-133.922,0.582,45.628,45.628,0,1947924784128,True,122.000,198.000,206.000,375.000
7.600,1947924783960,2,1.000,62.276,139.636,201.968,378.451,3,1,1,1,-133.705,-132.590,-1.308,2.882,23.358,13.415,13.415,17.156,23.358,13.415,13.415,17.156,23.358,13.415,13.415,17.156,23.358,13.415,13.415,17.156,100.956,290.210,-133.147,0.787,46.716,46.716,0,1947924784128,True,90.000,165.000,204.000,378.000
