time,id,x_min_p,x_max_p,y_min_p,y_max_p,x_min_m,x_max_m,y_min_m,y_max_m,x_min_c,x_max_c,y_min_c,y_max_c,distance,do_c1,do_c2,do_c3,do_c4,do_c5,do_c6,do_c7,do_c8,io_c1,io_c2,io_c3,io_c4,io_c5,io_c6,io_c7,io_c8
0.033,1,452.000,834.000,70.000,650.000,452.000,834.000,70.000,650.000,452.000,834.000,70.000,650.000,0.000,0.27,0.42,0.06,0.00,0.01,0.04,0.04,0.15,0.27,0.42,0.06,0.00,0.01,0.04,0.04,0.15
0.067,1,452.000,834.000,70.000,650.000,451.000,837.000,68.000,654.000,451.000,837.000,68.000,654.000,0.005,0.26,0.43,0.06,0.00,0.01,0.04,0.04,0.15,0.27,0.42,0.06,0.00,0.01,0.04,0.04,0.15
0.100,1,451.000,837.000,68.000,654.000,453.000,834.000,64.000,654.000,453.000,834.000,64.000,654.000,0.005,0.26,0.43,0.06,0.00,0.01,0.04,0.04,0.15,0.27,0.42,0.06,0.00,0.01,0.04,0.04,0.15
0.133,1,453.000,834.000,64.000,654.000,453.000,826.000,66.000,654.000,453.000,826.000,66.000,654.000,0.006,0.25,0.43,0.06,0.00,0.01,0.04,0.05,0.16,0.27,0.42,0.06,0.00,0.01,0.04,0.04,0.15
0.167,1,453.000,826.000,66.000,654.000,453.000,830.000,65.000,655.000,453.000,830.000,65.000,655.000,0.004,0.26,0.43,0.06,0.00,0.01,0.04,0.04,0.15,0.27,0.42,0.06,0.00,0.01,0.04,0.04,0.15
0.200,1,453.000,830.000,65.000,655.000,452.000,829.000,71.000,653.000,452.000,829.000,71.000,653.000,0.005,0.25,0.43,0.06,0.00,0.01,0.04,0.05,0.16,0.27,0.42,0.06,0.00,0.01,0.04,0.04,0.15
0.234,1,452.000,829.000,71.000,653.000,452.000,824.000,69.000,656.000,452.000,824.000,69.000,656.000,0.005,0.26,0.43,0.06,0.00,0.01,0.04,0.05,0.15,0.27,0.42,0.06,0.00,0.01,0.04,0.04,0.15
0.267,1,452.000,824.000,69.000,656.000,453.000,818.000,67.000,657.000,453.000,818.000,67.000,657.000,0.006,0.27,0.43,0.06,0.01,0.01,0.04,0.05,0.14,0.27,0.42,0.06,0.00,0.01,0.04,0.04,0.15
0.300,1,453.000,818.000,67.000,657.000,454.000,818.000,73.000,657.000,454.000,818.000,73.000,657.000,0.003,0.27,0.43,0.06,0.01,0.01,0.05,0.04,0.14,0.27,0.42,0.06,0.00,0.01,0.04,0.04,0.15
0.334,1,454.000,818.000,73.000,657.000,455.000,815.000,72.000,657.000,455.000,815.000,72.000,657.000,0.003,0.26,0.43,0.06,0.00,0.01,0.05,0.05,0.15,0.27,0.42,0.06,0.00,0.01,0.04,0.04,0.15
0.367,1,455.000,815.000,72.000,657.000,457.000,811.000,75.000,660.000,457.000,811.000,75.000,660.000,0.007,0.26,0.42,0.06,0.00,0.01,0.05,0.05,0.15,0.27,0.42,0.06,0.00,0.01,0.04,0.04,0.15
0.400,1,457.000,811.000,75.000,660.000,452.000,811.000,69.000,656.000,452.000,811.000,69.000,656.000,0.008,0.26,0.43,0.06,0.00,0.01,0.05,0.04,0.16,0.27,0.42,0.06,0.00,0.01,0.04,0.04,0.15
0.434,1,452.000,811.000,69.000,656.000,453.000,808.000,67.000,657.000,453.000,808.000,67.000,657.000,0.004,0.26,0.42,0.06,0.00,0.01,0.05,0.04,0.15,0.27,0.42,0.06,0.00,0.01,0.04,0.04,0.15
0.467,1,453.000,808.000,67.000,657.000,456.000,800.000,77.000,656.000,456.000,800.000,77.000,656.000,0.012,0.26,0.41,0.05,0.00,0.01,0.05,0.05,0.17,0.27,0.42,0.06,0.00,0.01,0.04,0.04,0.15
0.500,1,456.000,800.000,77.000,656.000,451.000,807.000,70.000,655.000,451.000,807.000,70.000,655.000,0.012,0.26,0.43,0.06,0.00,0.01,0.05,0.04,0.16,0.27,0.42,0.06,0.00,0.01,0.04,0.04,0.15
0.534,1,451.000,807.000,70.000,655.000,452.000,806.000,71.000,654.000,452.000,806.000,71.000,654.000,0.002,0.26,0.42,0.06,0.01,0.01,0.05,0.04,0.15,0.27,0.42,0.06,0.00,0.01,0.04,0.04,0.15
0.567,1,452.000,806.000,71.000,654.000,454.000,801.000,72.000,655.000,454.000,801.000,72.000,655.000,0.006,0.26,0.42,0.05,0.01,0.01,0.05,0.05,0.16,0.27,0.42,0.06,0.00,0.01,0.04,0.04,0.15
0.601,1,454.000,801.000,72.000,655.000,455.000,799.000,69.000,653.000,455.000,799.000,69.000,653.000,0.004,0.27,0.42,0.05,0.01,0.01,0.05,0.05,0.16,0.27,0.42,0.06,0.00,0.01,0.04,0.04,0.15
0.634,1,455.000,799.000,69.000,653.000,455.000,795.000,66.000,651.000,455.000,795.000,66.000,651.000,0.005,0.27,0.41,0.05,0.01,0.01,0.05,0.05,0.15,0.27,0.42,0.06,0.00,0.01,0.04,0.04,0.15
0.667,1,455.000,795.000,66.000,651.000,456.000,787.000,64.000,649.000,456.000,787.000,64.000,649.000,0.008,0.27,0.40,0.05,0.01,0.01,0.05,0.05,0.17,0.27,0.42,0.06,0.00,0.01,0.04,0.04,0.15
0.701,1,456.000,787.000,64.000,649.000,453.000,785.000,69.000,651.000,453.000,785.000,69.000,651.000,0.007,0.27,0.40,0.05,0.01,0.01,0.05,0.05,0.16,0.27,0.42,0.06,0.00,0.01,0.04,0.04,0.15
0.734,1,453.000,785.000,69.000,651.000,452.000,785.000,65.000,649.000,452.000,785.000,65.000,649.000,0.003,0.26,0.39,0.05,0.01,0.01,0.05,0.05,0.17,0.27,0.42,0.06,0.00,0.01,0.04,0.04,0.15
0.767,1,452.000,785.000,65.000,649.000,453.000,781.000,65.000,648.000,453.000,781.000,65.000,648.000,0.004,0.27,0.39,0.05,0.01,0.01,0.05,0.05,0.16,0.27,0.42,0.06,0.00,0.01,0.04,0.04,0.15
0.801,1,453.000,781.000,65.000,648.000,453.000,775.000,66.000,648.000,453.000,775.000,66.000,648.000,0.005,0.27,0.38,0.05,0.01,0.01,0.05,0.06,0.18,0.27,0.42,0.06,0.00,0.01,0.04,0.04,0.15
0.834,1,453.000,775.000,66.000,648.000,457.000,766.000,63.000,649.000,457.000,766.000,63.000,649.000,0.012,0.28,0.37,0.05,0.01,0.01,0.05,0.06,0.17,0.27,0.42,0.06,0.00,0.01,0.04,0.04,0.15
0.868,1,457.000,766.000,63.000,649.000,456.000,763.000,62.000,647.000,456.000,763.000,62.000,647.000,0.005,0.28,0.37,0.05,0.00,0.01,0.06,0.06,0.18,0.27,0.42,0.06,0.00,0.01,0.04,0.04,0.15
0.901,1,456.000,763.000,62.000,647.000,455.000,769.000,57.000,647.000,455.000,769.000,57.000,647.000,0.008,0.28,0.38,0.05,0.01,0.01,0.06,0.05,0.17,0.27,0.42,0.06,0.00,0.01,0.04,0.04,0.15
0.934,1,455.000,769.000,57.000,647.000,455.000,767.000,56.000,652.000,455.000,767.000,56.000,652.000,0.004,0.28,0.38,0.05,0.01,0.01,0.06,0.05,0.18,0.27,0.42,0.06,0.00,0.01,0.04,0.04,0.15
0.968,1,455.000,767.000,56.000,652.000,454.000,765.000,55.000,648.000,454.000,765.000,55.000,648.000,0.005,0.29,0.38,0.05,0.01,0.01,0.06,0.05,0.17,0.27,0.42,0.06,0.00,0.01,0.04,0.04,0.15
1.001,1,454.000,765.000,55.000,648.000,453.000,765.000,55.000,649.000,453.000,765.000,55.000,649.000,0.001,0.29,0.38,0.05,0.00,0.01,0.06,0.05,0.17,0.27,0.42,0.06,0.00,0.01,0.04,0.04,0.15
1.034,1,453.000,765.000,55.000,649.000,455.000,770.000,53.000,650.000,455.000,770.000,53.000,650.000,0.007,0.29,0.38,0.05,0.01,0.01,0.06,0.04,0.16,0.27,0.42,0.06,0.00,0.01,0.04,0.04,0.15
1.068,1,455.000,770.000,53.000,650.000,457.000,771.000,52.000,651.000,457.000,771.000,52.000,651.000,0.003,0.28,0.38,0.05,0.01,0.01,0.05,0.05,0.16,0.27,0.42,0.06,0.00,0.01,0.04,0.04,0.15
1.101,1,457.000,771.000,52.000,651.000,458.000,777.000,52.000,654.000,458.000,777.000,52.000,654.000,0.007,0.28,0.39,0.05,0.00,0.01,0.05,0.05,0.16,0.27,0.42,0.06,0.00,0.01,0.04,0.04,0.15
1.134,1,458.000,777.000,52.000,654.000,456.000,775.000,54.000,653.000,456.000,775.000,54.000,653.000,0.004,0.28,0.39,0.05,0.00,0.01,0.05,0.04,0.16,0.27,0.42,0.06,0.00,0.01,0.04,0.04,0.15
1.168,1,456.000,775.000,54.000,653.000,456.000,774.000,52.000,652.000,456.000,774.000,52.000,652.000,0.002,0.29,0.39,0.06,0.00,0.01,0.05,0.04,0.15,0.27,0.42,0.06,0.00,0.01,0.04,0.04,0.15
1.201,1,456.000,774.000,52.000,652.000,457.000,770.000,52.000,651.000,457.000,770.000,52.000,651.000,0.004,0.28,0.39,0.05,0.00,0.01,0.05,0.05,0.17,0.27,0.42,0.06,0.00,0.01,0.04,0.04,0.15
1.235,1,457.000,770.000,52.000,651.000,461.000,767.000,51.000,651.000,461.000,767.000,51.000,651.000,0.006,0.29,0.38,0.05,0.00,0.01,0.05,0.05,0.16,0.27,0.42,0.06,0.00,0.01,0.04,0.04,0.15
1.268,1,461.000,767.000,51.000,651.000,459.000,767.000,51.000,650.000,459.000,767.000,51.000,650.000,0.002,0.29,0.38,0.05,0.00,0.01,0.05,0.05,0.17,0.27,0.42,0.06,0.00,0.01,0.04,0.04,0.15
1.301,1,459.000,767.000,51.000,650.000,457.000,766.000,52.000,652.000,457.000,766.000,52.000,652.000,0.004,0.29,0.39,0.05,0.00,0.01,0.05,0.05,0.16,0.27,0.42,0.06,0.00,0.01,0.04,0.04,0.15
1.335,1,457.000,766.000,52.000,652.000,460.000,763.000,53.000,650.000,460.000,763.000,53.000,650.000,0.006,0.30,0.37,0.05,0.00,0.01,0.05,0.05,0.16,0.27,0.42,0.06,0.00,0.01,0.04,0.04,0.15
1.368,1,460.000,763.000,53.000,650.000,460.000,763.000,53.000,649.000,460.000,763.000,53.000,649.000,0.000,0.30,0.37,0.04,0.00,0.01,0.05,0.05,0.17,0.27,0.42,0.06,0.00,0.01,0.04,0.04,0.15
1.401,1,460.000,763.000,53.000,649.000,461.000,764.000,52.000,648.000,461.000,764.000,52.000,648.000,0.002,0.30,0.37,0.04,0.00,0.01,0.05,0.05,0.17,0.27,0.42,0.06,0.00,0.01,0.04,0.04,0.15
1.435,1,461.000,764.000,52.000,648.000,460.000,761.000,53.000,645.000,460.000,761.000,53.000,645.000,0.005,0.30,0.37,0.04,0.00,0.01,0.05,0.05,0.18,0.27,0.42,0.06,0.00,0.01,0.04,0.04,0.15
1.468,1,460.000,761.000,53.000,645.000,458.000,755.000,53.000,643.000,458.000,755.000,53.000,643.000,0.007,0.31,0.36,0.04,0.00,0.01,0.05,0.05,0.17,0.27,0.42,0.06,0.00,0.01,0.04,0.04,0.15
1.502,1,458.000,755.000,53.000,643.000,460.000,759.000,51.000,645.000,460.000,759.000,51.000,645.000,0.007,0.30,0.37,0.04,0.00,0.01,0.05,0.05,0.18,0.27,0.42,0.06,0.00,0.01,0.04,0.04,0.15
1.535,1,460.000,759.000,51.000,645.000,458.000,764.000,55.000,648.000,458.000,764.000,55.000,648.000,0.009,0.30,0.38,0.04,0.01,0.01,0.05,0.05,0.16,0.27,0.42,0.06,0.00,0.01,0.04,0.04,0.15
1.568,1,458.000,764.000,55.000,648.000,456.000,750.000,51.000,643.000,456.000,750.000,51.000,643.000,0.017,0.32,0.36,0.04,0.00,0.01,0.05,0.05,0.16,0.27,0.42,0.06,0.00,0.01,0.04,0.04,0.15
1.602,1,456.000,750.000,51.000,643.000,454.000,757.000,56.000,644.000,454.000,757.000,56.000,644.000,0.010,0.30,0.37,0.04,0.00,0.01,0.05,0.05,0.17,0.27,0.42,0.06,0.00,0.01,0.04,0.04,0.15
1.635,1,454.000,757.000,56.000,644.000,455.000,749.000,54.000,644.000,455.000,749.000,54.000,644.000,0.008,0.31,0.36,0.04,0.00,0.01,0.05,0.05,0.17,0.27,0.42,0.06,0.00,0.01,0.04,0.04,0.15
1.668,1,455.000,749.000,54.000,644.000,452.000,747.000,52.000,643.000,452.000,747.000,52.000,643.000,0.006,0.32,0.36,0.04,0.00,0.01,0.05,0.05,0.16,0.27,0.42,0.06,0.00,0.01,0.04,0.04,0.15
1.702,1,452.000,747.000,52.000,643.000,453.000,755.000,60.000,647.000,453.000,755.000,60.000,647.000,0.013,0.30,0.38,0.04,0.00,0.01,0.05,0.05,0.17,0.27,0.42,0.06,0.00,0.01,0.04,0.04,0.15
1.735,1,453.000,755.000,60.000,647.000,451.000,755.000,53.000,649.000,451.000,755.000,53.000,649.000,0.005,0.30,0.38,0.04,0.00,0.01,0.05,0.05,0.17,0.27,0.42,0.06,0.00,0.01,0.04,0.04,0.15
1.768,1,451.000,755.000,53.000,649.000,450.000,749.000,56.000,646.000,450.000,749.000,56.000,646.000,0.008,0.30,0.37,0.04,0.00,0.01,0.05,0.05,0.17,0.27,0.42,0.06,0.00,0.01,0.04,0.04,0.15
1.802,1,450.000,749.000,56.000,646.000,450.000,749.000,56.000,645.000,450.000,749.000,56.000,645.000,0.000,0.31,0.37,0.04,0.00,0.01,0.05,0.05,0.17,0.27,0.42,0.06,0.00,0.01,0.04,0.04,0.15
1.835,1,450.000,749.000,56.000,645.000,453.000,749.000,50.000,642.000,453.000,749.000,50.000,642.000,0.006,0.30,0.36,0.04,0.00,0.01,0.05,0.05,0.18,0.27,0.42,0.06,0.00,0.01,0.04,0.04,0.15
1.869,1,453.000,749.000,50.000,642.000,452.000,743.000,48.000,641.000,452.000,743.000,48.000,641.000,0.007,0.31,0.35,0.04,0.00,0.01,0.05,0.05,0.18,0.27,0.42,0.06,0.00,0.01,0.04,0.04,0.15
1.902,1,452.000,743.000,48.000,641.000,453.000,741.000,51.000,639.000,453.000,741.000,51.000,639.000,0.005,0.31,0.34,0.04,0.00,0.01,0.05,0.06,0.19,0.27,0.42,0.06,0.00,0.01,0.04,0.04,0.15
1.935,1,453.000,741.000,51.000,639.000,450.000,743.000,49.000,638.000,450.000,743.000,49.000,638.000,0.006,0.32,0.35,0.04,0.00,0.01,0.05,0.05,0.17,0.27,0.42,0.06,0.00,0.01,0.04,0.04,0.15
1.969,1,450.000,743.000,49.000,638.000,452.000,740.000,47.000,639.000,452.000,740.000,47.000,639.000,0.006,0.31,0.35,0.03,0.00,0.01,0.05,0.06,0.19,0.27,0.42,0.06,0.00,0.01,0.04,0.04,0.15
2.002,1,452.000,740.000,47.000,639.000,449.000,733.000,50.000,638.000,449.000,733.000,50.000,638.000,0.010,0.33,0.34,0.03,0.00,0.01,0.05,0.06,0.18,0.27,0.42,0.06,0.00,0.01,0.04,0.04,0.15
2.035,1,449.000,733.000,50.000,638.000,449.000,722.000,49.000,633.000,449.000,722.000,49.000,633.000,0.012,0.35,0.32,0.03,0.00,0.01,0.06,0.05,0.18,0.27,0.42,0.06,0.00,0.01,0.04,0.04,0.15
2.069,1,449.000,722.000,49.000,633.000,448.000,724.000,50.000,635.000,448.000,724.000,50.000,635.000,0.004,0.32,0.32,0.03,0.00,0.01,0.06,0.06,0.20,0.27,0.42,0.06,0.00,0.01,0.04,0.04,0.15
2.102,1,448.000,724.000,50.000,635.000,447.000,724.000,54.000,634.000,447.000,724.000,54.000,634.000,0.003,0.32,0.32,0.03,0.00,0.01,0.05,0.06,0.20,0.27,0.42,0.06,0.00,0.01,0.04,0.04,0.15
2.135,1,447.000,724.000,54.000,634.000,449.000,724.000,49.000,632.000,449.000,724.000,49.000,632.000,0.005,0.32,0.31,0.03,0.00,0.01,0.06,0.06,0.21,0.27,0.42,0.06,0.00,0.01,0.04,0.04,0.15
2.169,1,449.000,724.000,49.000,632.000,455.000,728.000,51.000,631.000,455.000,728.000,51.000,631.000,0.010,0.32,0.31,0.03,0.00,0.01,0.06,0.06,0.20,0.27,0.42,0.06,0.00,0.01,0.04,0.04,0.15
2.202,1,455.000,728.000,51.000,631.000,459.000,731.000,62.000,640.000,459.000,731.000,62.000,640.000,0.015,0.31,0.32,0.03,0.00,0.01,0.05,0.06,0.21,0.27,0.42,0.06,0.00,0.01,0.04,0.04,0.15
2.236,1,459.000,731.000,62.000,640.000,454.000,720.000,51.000,632.000,454.000,720.000,51.000,632.000,0.023,0.33,0.30,0.03,0.00,0.01,0.06,0.06,0.21,0.27,0.42,0.06,0.00,0.01,0.04,0.04,0.15
2.269,1,454.000,720.000,51.000,632.000,463.000,730.000,64.000,638.000,463.000,730.000,64.000,638.000,0.026,0.32,0.31,0.03,0.00,0.01,0.05,0.06,0.21,0.27,0.42,0.06,0.00,0.01,0.04,0.04,0.15
2.302,1,463.000,730.000,64.000,638.000,460.000,728.000,62.000,641.000,460.000,728.000,62.000,641.000,0.007,0.32,0.32,0.03,0.00,0.01,0.05,0.06,0.20,0.27,0.42,0.06,0.00,0.01,0.04,0.04,0.15
2.336,1,460.000,728.000,62.000,641.000,449.000,722.000,48.000,634.000,449.000,722.000,48.000,634.000,0.025,0.32,0.32,0.03,0.00,0.01,0.05,0.06,0.21,0.27,0.42,0.06,0.00,0.01,0.04,0.04,0.15
2.369,1,449.000,722.000,48.000,634.000,452.000,724.000,49.000,633.000,452.000,724.000,49.000,633.000,0.005,0.32,0.32,0.03,0.00,0.01,0.05,0.06,0.20,0.27,0.42,0.06,0.00,0.01,0.04,0.04,0.15
2.402,1,452.000,724.000,49.000,633.000,451.000,721.000,51.000,634.000,451.000,721.000,51.000,634.000,0.005,0.32,0.32,0.03,0.00,0.01,0.06,0.06,0.20,0.27,0.42,0.06,0.00,0.01,0.04,0.04,0.15
2.436,1,451.000,721.000,51.000,634.000,449.000,724.000,49.000,638.000,449.000,724.000,49.000,638.000,0.007,0.31,0.33,0.03,0.00,0.01,0.06,0.06,0.21,0.27,0.42,0.06,0.00,0.01,0.04,0.04,0.15
2.469,1,449.000,724.000,49.000,638.000,447.000,720.000,48.000,636.000,447.000,720.000,48.000,636.000,0.007,0.32,0.32,0.03,0.00,0.01,0.05,0.05,0.20,0.27,0.42,0.06,0.00,0.01,0.04,0.04,0.15
2.503,1,447.000,720.000,48.000,636.000,448.000,720.000,48.000,636.000,448.000,720.000,48.000,636.000,0.001,0.32,0.32,0.04,0.00,0.01,0.06,0.05,0.20,0.27,0.42,0.06,0.00,0.01,0.04,0.04,0.15
2.536,1,448.000,720.000,48.000,636.000,447.000,716.000,47.000,635.000,447.000,716.000,47.000,635.000,0.005,0.34,0.32,0.04,0.00,0.01,0.06,0.05,0.19,0.27,0.42,0.06,0.00,0.01,0.04,0.04,0.15
2.569,1,447.000,716.000,47.000,635.000,446.000,715.000,50.000,636.000,446.000,715.000,50.000,636.000,0.004,0.32,0.32,0.03,0.00,0.01,0.06,0.05,0.21,0.27,0.42,0.06,0.00,0.01,0.04,0.04,0.15
2.603,1,446.000,715.000,50.000,636.000,454.000,720.000,59.000,640.000,454.000,720.000,59.000,640.000,0.018,0.32,0.32,0.03,0.00,0.01,0.06,0.05,0.21,0.27,0.42,0.06,0.00,0.01,0.04,0.04,0.15
2.636,1,454.000,720.000,59.000,640.000,451.000,719.000,49.000,636.000,451.000,719.000,49.000,636.000,0.010,0.32,0.32,0.03,0.00,0.01,0.06,0.05,0.20,0.27,0.42,0.06,0.00,0.01,0.04,0.04,0.15
2.669,1,451.000,719.000,49.000,636.000,451.000,716.000,50.000,635.000,451.000,716.000,50.000,635.000,0.004,0.33,0.31,0.03,0.00,0.01,0.06,0.05,0.19,0.27,0.42,0.06,0.00,0.01,0.04,0.04,0.15
2.703,1,451.000,716.000,50.000,635.000,454.000,719.000,56.000,641.000,454.000,719.000,56.000,641.000,0.011,0.33,0.32,0.04,0.00,0.01,0.06,0.05,0.19,0.27,0.42,0.06,0.00,0.01,0.04,0.04,0.15
2.736,1,454.000,719.000,56.000,641.000,453.000,717.000,46.000,636.000,453.000,717.000,46.000,636.000,0.009,0.33,0.31,0.03,0.00,0.01,0.06,0.05,0.20,0.27,0.42,0.06,0.00,0.01,0.04,0.04,0.15
2.769,1,453.000,717.000,46.000,636.000,454.000,721.000,54.000,642.000,454.000,721.000,54.000,642.000,0.011,0.32,0.32,0.04,0.00,0.01,0.06,0.05,0.19,0.27,0.42,0.06,0.00,0.01,0.04,0.04,0.15
2.803,1,454.000,721.000,54.000,642.000,455.000,716.000,55.000,641.000,455.000,716.000,55.000,641.000,0.006,0.33,0.31,0.03,0.00,0.01,0.06,0.05,0.20,0.27,0.42,0.06,0.00,0.01,0.04,0.04,0.15
2.836,1,455.000,716.000,55.000,641.000,456.000,719.000,54.000,641.000,456.000,719.000,54.000,641.000,0.004,0.33,0.32,0.03,0.00,0.02,0.06,0.05,0.20,0.27,0.42,0.06,0.00,0.01,0.04,0.04,0.15
2.870,1,456.000,719.000,54.000,641.000,456.000,718.000,56.000,641.000,456.000,718.000,56.000,641.000,0.002,0.31,0.32,0.03,0.00,0.01,0.06,0.05,0.21,0.27,0.42,0.06,0.00,0.01,0.04,0.04,0.15
2.903,1,456.000,718.000,56.000,641.000,457.000,716.000,55.000,641.000,457.000,716.000,55.000,641.000,0.003,0.32,0.31,0.03,0.00,0.01,0.06,0.06,0.21,0.27,0.42,0.06,0.00,0.01,0.04,0.04,0.15
2.936,1,457.000,716.000,55.000,641.000,459.000,718.000,57.000,640.000,459.000,718.000,57.000,640.000,0.005,0.32,0.31,0.03,0.00,0.01,0.06,0.06,0.21,0.27,0.42,0.06,0.00,0.01,0.04,0.04,0.15
2.970,1,459.000,718.000,57.000,640.000,459.000,717.000,59.000,641.000,459.000,717.000,59.000,641.000,0.002,0.33,0.31,0.03,0.00,0.01,0.06,0.05,0.20,0.27,0.42,0.06,0.00,0.01,0.04,0.04,0.15
3.003,1,459.000,717.000,59.000,641.000,459.000,715.000,57.000,643.000,459.000,715.000,57.000,643.000,0.004,0.31,0.31,0.03,0.00,0.01,0.06,0.06,0.22,0.27,0.42,0.06,0.00,0.01,0.04,0.04,0.15
3.036,1,459.000,715.000,57.000,643.000,457.000,716.000,57.000,643.000,457.000,716.000,57.000,643.000,0.003,0.31,0.31,0.03,0.00,0.01,0.06,0.06,0.22,0.27,0.42,0.06,0.00,0.01,0.04,0.04,0.15
3.070,1,457.000,716.000,57.000,643.000,456.000,716.000,57.000,641.000,456.000,716.000,57.000,641.000,0.002,0.31,0.32,0.03,0.00,0.01,0.06,0.06,0.22,0.27,0.42,0.06,0.00,0.01,0.04,0.04,0.15
3.103,1,456.000,716.000,57.000,641.000,456.000,716.000,56.000,642.000,456.000,716.000,56.000,642.000,0.001,0.31,0.31,0.03,0.00,0.01,0.06,0.06,0.22,0.27,0.42,0.06,0.00,0.01,0.04,0.04,0.15
3.136,1,456.000,716.000,56.000,642.000,461.000,717.000,55.000,642.000,461.000,717.000,55.000,642.000,0.006,0.32,0.31,0.03,0.00,0.01,0.06,0.06,0.22,0.27,0.42,0.06,0.00,0.01,0.04,0.04,0.15
3.170,1,461.000,717.000,55.000,642.000,458.000,715.000,54.000,643.000,458.000,715.000,54.000,643.000,0.006,0.31,0.31,0.02,0.00,0.01,0.06,0.06,0.23,0.27,0.42,0.06,0.00,0.01,0.04,0.04,0.15
3.203,1,458.000,715.000,54.000,643.000,459.000,717.000,54.000,645.000,459.000,717.000,54.000,645.000,0.004,0.30,0.31,0.03,0.00,0.01,0.06,0.06,0.23,0.27,0.42,0.06,0.00,0.01,0.04,0.04,0.15
3.237,1,459.000,717.000,54.000,645.000,461.000,717.000,53.000,643.000,461.000,717.000,53.000,643.000,0.003,0.31,0.30,0.03,0.00,0.01,0.06,0.06,0.23,0.27,0.42,0.06,0.00,0.01,0.04,0.04,0.15
3.270,1,461.000,717.000,53.000,643.000,463.000,721.000,54.000,641.000,463.000,721.000,54.000,641.000,0.007,0.32,0.31,0.03,0.00,0.01,0.06,0.06,0.21,0.27,0.42,0.06,0.00,0.01,0.04,0.04,0.15
3.303,1,463.000,721.000,54.000,641.000,459.000,720.000,56.000,641.000,459.000,720.000,56.000,641.000,0.006,0.31,0.31,0.03,0.00,0.01,0.06,0.06,0.22,0.27,0.42,0.06,0.00,0.01,0.04,0.04,0.15
3.337,1,459.000,720.000,56.000,641.000,458.000,719.000,53.000,640.000,458.000,719.000,53.000,640.000,0.004,0.31,0.31,0.03,0.00,0.01,0.06,0.06,0.22,0.27,0.42,0.06,0.00,0.01,0.04,0.04,0.15
3.370,1,458.000,719.000,53.000,640.000,464.000,719.000,49.000,643.000,464.000,719.000,49.000,643.000,0.009,0.32,0.30,0.03,0.00,0.01,0.06,0.06,0.22,0.27,0.42,0.06,0.00,0.01,0.04,0.04,0.15
3.403,1,464.000,719.000,49.000,643.000,464.000,716.000,49.000,644.000,464.000,716.000,49.000,644.000,0.003,0.33,0.30,0.03,0.00,0.01,0.06,0.06,0.20,0.27,0.42,0.06,0.00,0.01,0.04,0.04,0.15
3.437,1,464.000,716.000,49.000,644.000,465.000,712.000,58.000,639.000,465.000,712.000,58.000,639.000,0.011,0.34,0.28,0.03,0.00,0.01,0.06,0.06,0.22,0.27,0.42,0.06,0.00,0.01,0.04,0.04,0.15
3.470,1,465.000,712.000,58.000,639.000,460.000,709.000,60.000,638.000,460.000,709.000,60.000,638.000,0.009,0.34,0.29,0.03,0.00,0.01,0.06,0.05,0.21,0.27,0.42,0.06,0.00,0.01,0.04,0.04,0.15
3.504,1,460.000,709.000,60.000,638.000,466.000,706.000,60.000,635.000,466.000,706.000,60.000,635.000,0.010,0.36,0.26,0.03,0.00,0.01,0.07,0.06,0.21,0.27,0.42,0.06,0.00,0.01,0.04,0.04,0.15
3.537,1,466.000,706.000,60.000,635.000,461.000,709.000,58.000,637.000,461.000,709.000,58.000,637.000,0.010,0.34,0.28,0.03,0.00,0.01,0.07,0.05,0.21,0.27,0.42,0.06,0.00,0.01,0.04,0.04,0.15
3.570,1,461.000,709.000,58.000,637.000,458.000,712.000,60.000,638.000,458.000,712.000,60.000,638.000,0.007,0.34,0.30,0.03,0.00,0.01,0.07,0.05,0.19,0.27,0.42,0.06,0.00,0.01,0.04,0.04,0.15
3.604,1,458.000,712.000,60.000,638.000,463.000,713.000,64.000,638.000,463.000,713.000,64.000,638.000,0.008,0.34,0.29,0.03,0.00,0.01,0.07,0.05,0.20,0.27,0.42,0.06,0.00,0.01,0.04,0.04,0.15
3.637,1,463.000,713.000,64.000,638.000,462.000,713.000,63.000,643.000,462.000,713.000,63.000,643.000,0.004,0.35,0.30,0.03,0.00,0.02,0.07,0.05,0.19,0.27,0.42,0.06,0.00,0.01,0.04,0.04,0.15
3.670,1,462.000,713.000,63.000,643.000,459.000,714.000,66.000,643.000,459.000,714.000,66.000,643.000,0.005,0.34,0.31,0.03,0.00,0.01,0.06,0.05,0.19,0.27,0.42,0.06,0.00,0.01,0.04,0.04,0.15
3.704,1,459.000,714.000,66.000,643.000,457.000,713.000,62.000,642.000,457.000,713.000,62.000,642.000,0.005,0.34,0.31,0.03,0.00,0.01,0.06,0.05,0.19,0.27,0.42,0.06,0.00,0.01,0.04,0.04,0.15
3.737,1,457.000,713.000,62.000,642.000,461.000,703.000,49.000,637.000,461.000,703.000,49.000,637.000,0.021,0.38,0.27,0.02,0.00,0.01,0.07,0.06,0.19,0.27,0.42,0.06,0.00,0.01,0.04,0.04,0.15
3.770,1,461.000,703.000,49.000,637.000,461.000,705.000,56.000,634.000,461.000,705.000,56.000,634.000,0.006,0.39,0.27,0.03,0.00,0.01,0.07,0.06,0.18,0.27,0.42,0.06,0.00,0.01,0.04,0.04,0.15
3.804,1,461.000,705.000,56.000,634.000,453.000,716.000,69.000,635.000,453.000,716.000,69.000,635.000,0.026,0.34,0.31,0.03,0.00,0.01,0.06,0.05,0.20,0.27,0.42,0.06,0.00,0.01,0.04,0.04,0.15
3.837,1,453.000,716.000,69.000,635.000,449.000,713.000,71.000,634.000,449.000,713.000,71.000,634.000,0.008,0.35,0.30,0.03,0.00,0.01,0.06,0.05,0.19,0.27,0.42,0.06,0.00,0.01,0.04,0.04,0.15
3.871,1,449.000,713.000,71.000,634.000,443.000,712.000,70.000,630.000,443.000,712.000,70.000,630.000,0.009,0.35,0.31,0.03,0.00,0.01,0.06,0.05,0.19,0.27,0.42,0.06,0.00,0.01,0.04,0.04,0.15
3.904,1,443.000,712.000,70.000,630.000,436.000,712.000,70.000,626.000,436.000,712.000,70.000,626.000,0.008,0.33,0.32,0.03,0.00,0.01,0.05,0.06,0.21,0.27,0.42,0.06,0.00,0.01,0.04,0.04,0.15
3.937,1,436.000,712.000,70.000,626.000,429.000,710.000,69.000,624.000,429.000,710.000,69.000,624.000,0.010,0.34,0.32,0.03,0.00,0.01,0.05,0.06,0.20,0.27,0.42,0.06,0.00,0.01,0.04,0.04,0.15
3.971,1,429.000,710.000,69.000,624.000,417.000,715.000,73.000,644.000,417.000,715.000,73.000,644.000,0.026,0.31,0.37,0.03,0.00,0.01,0.05,0.05,0.19,0.27,0.42,0.06,0.00,0.01,0.04,0.04,0.15
4.004,1,417.000,715.000,73.000,644.000,416.000,704.000,64.000,636.000,416.000,704.000,64.000,636.000,0.018,0.34,0.34,0.02,0.00,0.01,0.05,0.05,0.19,0.27,0.42,0.06,0.00,0.01,0.04,0.04,0.15
4.037,1,416.000,704.000,64.000,636.000,408.000,710.000,72.000,645.000,408.000,710.000,72.000,645.000,0.020,0.30,0.38,0.03,0.00,0.01,0.04,0.05,0.19,0.27,0.42,0.06,0.00,0.01,0.04,0.04,0.15
4.071,1,408.000,710.000,72.000,645.000,409.000,706.000,72.000,646.000,409.000,706.000,72.000,646.000,0.005,0.32,0.37,0.03,0.00,0.01,0.05,0.04,0.18,0.27,0.42,0.06,0.00,0.01,0.04,0.04,0.15
4.104,1,409.000,706.000,72.000,646.000,407.000,704.000,73.000,642.000,407.000,704.000,73.000,642.000,0.006,0.33,0.36,0.02,0.00,0.01,0.05,0.04,0.18,0.27,0.42,0.06,0.00,0.01,0.04,0.04,0.15
4.137,1,407.000,704.000,73.000,642.000,404.000,701.000,62.000,640.000,404.000,701.000,62.000,640.000,0.011,0.32,0.36,0.02,0.00,0.01,0.05,0.04,0.20,0.27,0.42,0.06,0.00,0.01,0.04,0.04,0.15
4.171,1,404.000,701.000,62.000,640.000,399.000,707.000,66.000,635.000,399.000,707.000,66.000,635.000,0.013,0.31,0.37,0.03,0.00,0.01,0.05,0.04,0.19,0.27,0.42,0.06,0.00,0.01,0.04,0.04,0.15
4.204,1,399.000,707.000,66.000,635.000,404.000,699.000,65.000,642.000,404.000,699.000,65.000,642.000,0.014,0.32,0.36,0.02,0.00,0.01,0.05,0.04,0.19,0.27,0.42,0.06,0.00,0.01,0.04,0.04,0.15
4.238,1,404.000,699.000,65.000,642.000,393.000,705.000,68.000,644.000,393.000,705.000,68.000,644.000,0.017,0.32,0.39,0.03,0.00,0.01,0.05,0.04,0.17,0.27,0.42,0.06,0.00,0.01,0.04,0.04,0.15
4.271,1,393.000,705.000,68.000,644.000,399.000,700.000,59.000,645.000,399.000,700.000,59.000,645.000,0.013,0.32,0.37,0.02,0.00,0.01,0.05,0.04,0.19,0.27,0.42,0.06,0.00,0.01,0.04,0.04,0.15
4.304,1,399.000,700.000,59.000,645.000,393.000,705.000,76.000,645.000,393.000,705.000,76.000,645.000,0.016,0.31,0.39,0.02,0.00,0.01,0.05,0.03,0.18,0.27,0.42,0.06,0.00,0.01,0.04,0.04,0.15
4.338,1,393.000,705.000,76.000,645.000,393.000,706.000,71.000,644.000,393.000,706.000,71.000,644.000,0.003,0.31,0.39,0.02,0.00,0.01,0.05,0.03,0.18,0.27,0.42,0.06,0.00,0.01,0.04,0.04,0.15
4.371,1,393.000,706.000,71.000,644.000,391.000,705.000,72.000,645.000,391.000,705.000,72.000,645.000,0.003,0.31,0.39,0.03,0.00,0.01,0.05,0.03,0.17,0.27,0.42,0.06,0.00,0.01,0.04,0.04,0.15
4.404,1,391.000,705.000,72.000,645.000,399.000,703.000,54.000,648.000,399.000,703.000,54.000,648.000,0.017,0.33,0.37,0.02,0.00,0.01,0.05,0.04,0.18,0.27,0.42,0.06,0.00,0.01,0.04,0.04,0.15
4.438,1,399.000,703.000,54.000,648.000,391.000,704.000,72.000,642.000,391.000,704.000,72.000,642.000,0.018,0.32,0.39,0.03,0.00,0.01,0.05,0.04,0.17,0.27,0.42,0.06,0.00,0.01,0.04,0.04,0.15
4.471,1,391.000,704.000,72.000,642.000,390.000,704.000,70.000,646.000,390.000,704.000,70.000,646.000,0.003,0.32,0.39,0.03,0.00,0.01,0.05,0.03,0.17,0.27,0.42,0.06,0.00,0.01,0.04,0.04,0.15
4.505,1,390.000,704.000,70.000,646.000,392.000,706.000,69.000,646.000,392.000,706.000,69.000,646.000,0.004,0.31,0.39,0.03,0.00,0.01,0.05,0.04,0.17,0.27,0.42,0.06,0.00,0.01,0.04,0.04,0.15
4.538,1,392.000,706.000,69.000,646.000,397.000,700.000,55.000,646.000,397.000,700.000,55.000,646.000,0.015,0.33,0.37,0.02,0.00,0.01,0.05,0.04,0.17,0.27,0.42,0.06,0.00,0.01,0.04,0.04,0.15
4.571,1,397.000,700.000,55.000,646.000,395.000,702.000,54.000,645.000,395.000,702.000,54.000,645.000,0.004,0.32,0.38,0.02,0.00,0.01,0.05,0.04,0.18,0.27,0.42,0.06,0.00,0.01,0.04,0.04,0.15
4.605,1,395.000,702.000,54.000,645.000,396.000,703.000,54.000,646.000,396.000,703.000,54.000,646.000,0.002,0.33,0.38,0.03,0.00,0.01,0.05,0.04,0.17,0.27,0.42,0.06,0.00,0.01,0.04,0.04,0.15
4.638,1,396.000,703.000,54.000,646.000,385.000,701.000,75.000,645.000,385.000,701.000,75.000,645.000,0.020,0.30,0.40,0.02,0.00,0.00,0.05,0.04,0.18,0.27,0.42,0.06,0.00,0.01,0.04,0.04,0.15
4.671,1,385.000,701.000,75.000,645.000,393.000,705.000,59.000,646.000,393.000,705.000,59.000,646.000,0.017,0.32,0.39,0.02,0.00,0.01,0.05,0.04,0.17,0.27,0.42,0.06,0.00,0.01,0.04,0.04,0.15
4.705,1,393.000,705.000,59.000,646.000,395.000,706.000,56.000,651.000,395.000,706.000,56.000,651.000,0.006,0.31,0.39,0.02,0.00,0.01,0.05,0.04,0.18,0.27,0.42,0.06,0.00,0.01,0.04,0.04,0.15
4.738,1,395.000,706.000,56.000,651.000,397.000,700.000,55.000,648.000,397.000,700.000,55.000,648.000,0.008,0.33,0.38,0.02,0.00,0.01,0.05,0.03,0.17,0.27,0.42,0.06,0.00,0.01,0.04,0.04,0.15
4.771,1,397.000,700.000,55.000,648.000,399.000,702.000,54.000,651.000,399.000,702.000,54.000,651.000,0.005,0.32,0.38,0.02,0.00,0.00,0.05,0.04,0.18,0.27,0.42,0.06,0.00,0.01,0.04,0.04,0.15
4.805,1,399.000,702.000,54.000,651.000,391.000,702.000,58.000,645.000,391.000,702.000,58.000,645.000,0.011,0.32,0.39,0.02,0.00,0.00,0.05,0.04,0.17,0.27,0.42,0.06,0.00,0.01,0.04,0.04,0.15
4.838,1,391.000,702.000,58.000,645.000,391.000,700.000,60.000,645.000,391.000,700.000,60.000,645.000,0.002,0.32,0.39,0.02,0.00,0.00,0.05,0.04,0.18,0.27,0.42,0.06,0.00,0.01,0.04,0.04,0.15
4.872,1,391.000,700.000,60.000,645.000,392.000,700.000,57.000,641.000,392.000,700.000,57.000,641.000,0.004,0.33,0.38,0.03,0.00,0.01,0.05,0.03,0.17,0.27,0.42,0.06,0.00,0.01,0.04,0.04,0.15
4.905,1,392.000,700.000,57.000,641.000,392.000,696.000,59.000,642.000,392.000,696.000,59.000,642.000,0.005,0.33,0.38,0.02,0.00,0.01,0.05,0.04,0.18,0.27,0.42,0.06,0.00,0.01,0.04,0.04,0.15
4.938,1,392.000,696.000,59.000,642.000,388.000,693.000,60.000,644.000,388.000,693.000,60.000,644.000,0.007,0.33,0.38,0.02,0.00,0.01,0.05,0.04,0.17,0.27,0.42,0.06,0.00,0.01,0.04,0.04,0.15
4.972,1,388.000,693.000,60.000,644.000,394.000,692.000,68.000,641.000,394.000,692.000,68.000,641.000,0.010,0.33,0.37,0.02,0.00,0.01,0.04,0.04,0.18,0.27,0.42,0.06,0.00,0.01,0.04,0.04,0.15
5.005,1,394.000,692.000,68.000,641.000,396.000,693.000,65.000,644.000,396.000,693.000,65.000,644.000,0.005,0.34,0.38,0.02,0.00,0.01,0.04,0.04,0.17,0.27,0.42,0.06,0.00,0.01,0.04,0.04,0.15
5.038,1,396.000,693.000,65.000,644.000,401.000,695.000,52.000,646.000,401.000,695.000,52.000,646.000,0.012,0.34,0.37,0.02,0.00,0.01,0.04,0.04,0.18,0.27,0.42,0.06,0.00,0.01,0.04,0.04,0.15
5.072,1,401.000,695.000,52.000,646.000,404.000,695.000,64.000,631.000,404.000,695.000,64.000,631.000,0.014,0.34,0.36,0.02,0.00,0.01,0.04,0.05,0.18,0.27,0.42,0.06,0.00,0.01,0.04,0.04,0.15
5.105,1,404.000,695.000,64.000,631.000,404.000,694.000,58.000,629.000,404.000,694.000,58.000,629.000,0.004,0.34,0.36,0.02,0.00,0.01,0.04,0.05,0.19,0.27,0.42,0.06,0.00,0.01,0.04,0.04,0.15
5.138,1,404.000,694.000,58.000,629.000,409.000,691.000,67.000,633.000,409.000,691.000,67.000,633.000,0.013,0.35,0.35,0.02,0.00,0.01,0.04,0.05,0.18,0.27,0.42,0.06,0.00,0.01,0.04,0.04,0.15
5.172,1,409.000,691.000,67.000,633.000,428.000,693.000,66.000,631.000,428.000,693.000,66.000,631.000,0.020,0.35,0.32,0.02,0.00,0.00,0.05,0.05,0.21,0.27,0.42,0.06,0.00,0.01,0.04,0.04,0.15
5.205,1,428.000,693.000,66.000,631.000,435.000,690.000,68.000,630.000,435.000,690.000,68.000,630.000,0.011,0.36,0.30,0.02,0.00,0.01,0.05,0.05,0.21,0.27,0.42,0.06,0.00,0.01,0.04,0.04,0.15
5.239,1,435.000,690.000,68.000,630.000,437.000,690.000,67.000,629.000,437.000,690.000,67.000,629.000,0.003,0.35,0.30,0.02,0.00,0.01,0.06,0.05,0.20,0.27,0.42,0.06,0.00,0.01,0.04,0.04,0.15
5.272,1,437.000,690.000,67.000,629.000,442.000,690.000,74.000,630.000,442.000,690.000,74.000,630.000,0.008,0.34,0.29,0.02,0.00,0.01,0.06,0.05,0.22,0.27,0.42,0.06,0.00,0.01,0.04,0.04,0.15
5.305,1,442.000,690.000,74.000,630.000,448.000,690.000,76.000,630.000,448.000,690.000,76.000,630.000,0.007,0.35,0.28,0.03,0.00,0.01,0.07,0.05,0.21,0.27,0.42,0.06,0.00,0.01,0.04,0.04,0.15
5.339,1,448.000,690.000,76.000,630.000,453.000,689.000,74.000,633.000,453.000,689.000,74.000,633.000,0.008,0.35,0.27,0.03,0.00,0.01,0.08,0.05,0.21,0.27,0.42,0.06,0.00,0.01,0.04,0.04,0.15
5.372,1,453.000,689.000,74.000,633.000,459.000,685.000,72.000,634.000,459.000,685.000,72.000,634.000,0.012,0.36,0.24,0.03,0.00,0.01,0.08,0.05,0.23,0.27,0.42,0.06,0.00,0.01,0.04,0.04,0.15
5.405,2,460.000,694.000,65.000,643.000,459.000,695.000,73.000,638.000,459.000,695.000,73.000,638.000,0.008,0.34,0.27,0.03,0.00,0.02,0.07,0.05,0.22,0.34,0.28,0.03,0.00,0.01,0.07,0.05,0.22
5.439,2,459.000,695.000,73.000,638.000,464.000,702.000,69.000,640.000,464.000,702.000,69.000,640.000,0.015,0.33,0.28,0.03,0.00,0.02,0.07,0.05,0.22,0.34,0.28,0.03,0.00,0.01,0.07,0.05,0.22
5.472,2,464.000,702.000,69.000,640.000,461.000,702.000,70.000,642.000,461.000,702.000,70.000,642.000,0.004,0.34,0.29,0.03,0.00,0.02,0.07,0.04,0.21,0.34,0.28,0.03,0.00,0.01,0.07,0.05,0.22
5.506,2,461.000,702.000,70.000,642.000,459.000,704.000,67.000,643.000,459.000,704.000,67.000,643.000,0.006,0.34,0.30,0.03,0.00,0.02,0.07,0.04,0.21,0.34,0.28,0.03,0.00,0.01,0.07,0.05,0.22
5.539,2,459.000,704.000,67.000,643.000,458.000,705.000,69.000,645.000,458.000,705.000,69.000,645.000,0.004,0.35,0.31,0.04,0.00,0.02,0.06,0.04,0.18,0.34,0.28,0.03,0.00,0.01,0.07,0.05,0.22
5.572,2,458.000,705.000,69.000,645.000,457.000,704.000,67.000,646.000,457.000,704.000,67.000,646.000,0.003,0.34,0.31,0.04,0.00,0.02,0.06,0.04,0.19,0.34,0.28,0.03,0.00,0.01,0.07,0.05,0.22
5.606,2,457.000,704.000,67.000,646.000,458.000,705.000,67.000,646.000,458.000,705.000,67.000,646.000,0.002,0.35,0.31,0.04,0.00,0.02,0.06,0.04,0.19,0.34,0.28,0.03,0.00,0.01,0.07,0.05,0.22
5.639,2,458.000,705.000,67.000,646.000,451.000,704.000,69.000,641.000,451.000,704.000,69.000,641.000,0.011,0.33,0.31,0.03,0.00,0.01,0.06,0.05,0.20,0.34,0.28,0.03,0.00,0.01,0.07,0.05,0.22
5.672,2,451.000,704.000,69.000,641.000,440.000,702.000,72.000,636.000,440.000,702.000,72.000,636.000,0.016,0.33,0.33,0.03,0.00,0.01,0.06,0.04,0.19,0.34,0.28,0.03,0.00,0.01,0.07,0.05,0.22
5.706,2,440.000,702.000,72.000,636.000,444.000,706.000,70.000,637.000,444.000,706.000,70.000,637.000,0.009,0.33,0.33,0.03,0.00,0.01,0.05,0.04,0.19,0.34,0.28,0.03,0.00,0.01,0.07,0.05,0.22
5.739,2,444.000,706.000,70.000,637.000,447.000,707.000,70.000,637.000,447.000,707.000,70.000,637.000,0.004,0.34,0.33,0.03,0.00,0.01,0.05,0.05,0.18,0.34,0.28,0.03,0.00,0.01,0.07,0.05,0.22
5.772,2,447.000,707.000,70.000,637.000,441.000,707.000,71.000,642.000,441.000,707.000,71.000,642.000,0.008,0.32,0.34,0.03,0.00,0.01,0.05,0.04,0.20,0.34,0.28,0.03,0.00,0.01,0.07,0.05,0.22
5.806,2,441.000,707.000,71.000,642.000,444.000,702.000,69.000,645.000,444.000,702.000,69.000,645.000,0.010,0.33,0.33,0.03,0.00,0.01,0.05,0.04,0.19,0.34,0.28,0.03,0.00,0.01,0.07,0.05,0.22
5.839,2,444.000,702.000,69.000,645.000,449.000,709.000,69.000,640.000,449.000,709.000,69.000,640.000,0.014,0.33,0.33,0.03,0.00,0.01,0.05,0.05,0.20,0.34,0.28,0.03,0.00,0.01,0.07,0.05,0.22
5.873,2,449.000,709.000,69.000,640.000,454.000,707.000,67.000,638.000,454.000,707.000,67.000,638.000,0.008,0.34,0.31,0.03,0.00,0.02,0.05,0.05,0.20,0.34,0.28,0.03,0.00,0.01,0.07,0.05,0.22
5.906,2,454.000,707.000,67.000,638.000,453.000,708.000,69.000,637.000,453.000,708.000,69.000,637.000,0.003,0.32,0.31,0.03,0.00,0.01,0.05,0.05,0.22,0.34,0.28,0.03,0.00,0.01,0.07,0.05,0.22
5.906,5,459.000,708.000,65.000,635.000,451.000,711.000,64.000,642.000,451.000,711.000,64.000,642.000,0.015,0.32,0.33,0.03,0.00,0.01,0.05,0.05,0.21,0.35,0.30,0.03,0.00,0.02,0.05,0.05,0.20
5.939,2,453.000,708.000,69.000,637.000,454.000,708.000,67.000,637.000,454.000,708.000,67.000,637.000,0.002,0.33,0.31,0.03,0.00,0.01,0.05,0.05,0.21,0.34,0.28,0.03,0.00,0.01,0.07,0.05,0.22
5.939,5,451.000,711.000,64.000,642.000,452.000,710.000,61.000,643.000,452.000,710.000,61.000,643.000,0.004,0.33,0.33,0.03,0.00,0.01,0.05,0.05,0.20,0.35,0.30,0.03,0.00,0.02,0.05,0.05,0.20
5.973,2,454.000,708.000,67.000,637.000,458.000,714.000,66.000,640.000,458.000,714.000,66.000,640.000,0.012,0.33,0.32,0.03,0.00,0.01,0.05,0.05,0.21,0.34,0.28,0.03,0.00,0.01,0.07,0.05,0.22
6.006,2,458.000,714.000,66.000,640.000,450.000,708.000,68.000,638.000,450.000,708.000,68.000,638.000,0.015,0.33,0.32,0.03,0.00,0.01,0.05,0.05,0.21,0.34,0.28,0.03,0.00,0.01,0.07,0.05,0.22
6.039,2,450.000,708.000,68.000,638.000,451.000,708.000,64.000,639.000,451.000,708.000,64.000,639.000,0.003,0.34,0.32,0.02,0.00,0.01,0.05,0.06,0.21,0.34,0.28,0.03,0.00,0.01,0.07,0.05,0.22
6.073,2,451.000,708.000,64.000,639.000,449.000,710.000,61.000,645.000,449.000,710.000,61.000,645.000,0.008,0.34,0.33,0.03,0.00,0.01,0.05,0.05,0.19,0.34,0.28,0.03,0.00,0.01,0.07,0.05,0.22
6.073,6,450.000,710.000,61.000,657.000,450.000,709.000,59.000,655.000,450.000,709.000,59.000,655.000,0.003,0.33,0.34,0.03,0.00,0.01,0.05,0.05,0.19,0.33,0.34,0.03,0.00,0.01,0.05,0.05,0.20
6.106,6,450.000,709.000,59.000,655.000,451.000,712.000,66.000,644.000,451.000,712.000,66.000,644.000,0.011,0.33,0.33,0.03,0.00,0.01,0.05,0.05,0.20,0.33,0.34,0.03,0.00,0.01,0.05,0.05,0.20
6.106,2,449.000,710.000,61.000,645.000,461.000,710.000,61.000,636.000,461.000,710.000,61.000,636.000,0.015,0.35,0.29,0.03,0.00,0.01,0.05,0.05,0.22,0.34,0.28,0.03,0.00,0.01,0.07,0.05,0.22
6.139,6,451.000,712.000,66.000,644.000,449.000,713.000,66.000,642.000,449.000,713.000,66.000,642.000,0.004,0.32,0.33,0.03,0.00,0.01,0.05,0.05,0.20,0.33,0.34,0.03,0.00,0.01,0.05,0.05,0.20
6.139,2,461.000,710.000,61.000,636.000,460.000,714.000,64.000,638.000,460.000,714.000,64.000,638.000,0.007,0.34,0.30,0.03,0.00,0.01,0.05,0.05,0.21,0.34,0.28,0.03,0.00,0.01,0.07,0.05,0.22
6.173,6,449.000,713.000,66.000,642.000,445.000,712.000,69.000,641.000,445.000,712.000,69.000,641.000,0.006,0.31,0.34,0.03,0.00,0.01,0.05,0.05,0.21,0.33,0.34,0.03,0.00,0.01,0.05,0.05,0.20
6.173,2,460.000,714.000,64.000,638.000,460.000,715.000,66.000,638.000,460.000,715.000,66.000,638.000,0.002,0.32,0.31,0.03,0.00,0.01,0.05,0.05,0.22,0.34,0.28,0.03,0.00,0.01,0.07,0.05,0.22
6.206,6,445.000,712.000,69.000,641.000,450.000,718.000,64.000,641.000,450.000,718.000,64.000,641.000,0.012,0.31,0.34,0.03,0.00,0.01,0.05,0.05,0.21,0.33,0.34,0.03,0.00,0.01,0.05,0.05,0.20
6.206,2,460.000,715.000,66.000,638.000,452.000,716.000,62.000,646.000,452.000,716.000,62.000,646.000,0.014,0.32,0.34,0.03,0.00,0.01,0.05,0.05,0.21,0.34,0.28,0.03,0.00,0.01,0.07,0.05,0.22
6.240,6,450.000,718.000,64.000,641.000,454.000,718.000,58.000,643.000,454.000,718.000,58.000,643.000,0.007,0.32,0.33,0.03,0.00,0.01,0.05,0.05,0.21,0.33,0.34,0.03,0.00,0.01,0.05,0.05,0.20
6.240,2,452.000,716.000,62.000,646.000,462.000,715.000,61.000,635.000,462.000,715.000,61.000,635.000,0.016,0.33,0.30,0.03,0.00,0.01,0.05,0.05,0.23,0.34,0.28,0.03,0.00,0.01,0.07,0.05,0.22
6.273,6,454.000,718.000,58.000,643.000,456.000,713.000,61.000,646.000,456.000,713.000,61.000,646.000,0.009,0.33,0.33,0.03,0.00,0.01,0.05,0.05,0.21,0.33,0.34,0.03,0.00,0.01,0.05,0.05,0.20
6.273,2,462.000,715.000,61.000,635.000,461.000,719.000,55.000,650.000,461.000,719.000,55.000,650.000,0.014,0.32,0.33,0.03,0.00,0.01,0.05,0.05,0.21,0.34,0.28,0.03,0.00,0.01,0.07,0.05,0.22
6.306,6,456.000,713.000,61.000,646.000,456.000,712.000,60.000,646.000,456.000,712.000,60.000,646.000,0.001,0.32,0.32,0.02,0.00,0.01,0.05,0.05,0.22,0.33,0.34,0.03,0.00,0.01,0.05,0.05,0.20
6.306,2,461.000,719.000,55.000,650.000,458.000,720.000,51.000,651.000,458.000,720.000,51.000,651.000,0.006,0.32,0.34,0.03,0.00,0.01,0.04,0.05,0.21,0.34,0.28,0.03,0.00,0.01,0.07,0.05,0.22
6.340,2,458.000,720.000,51.000,651.000,452.000,721.000,57.000,648.000,452.000,721.000,57.000,648.000,0.010,0.31,0.35,0.03,0.00,0.01,0.04,0.05,0.20,0.34,0.28,0.03,0.00,0.01,0.07,0.05,0.22
6.373,2,452.000,721.000,57.000,648.000,453.000,719.000,54.000,648.000,453.000,719.000,54.000,648.000,0.004,0.32,0.34,0.03,0.00,0.01,0.04,0.05,0.20,0.34,0.28,0.03,0.00,0.01,0.07,0.05,0.22
6.406,2,453.000,719.000,54.000,648.000,452.000,716.000,52.000,651.000,452.000,716.000,52.000,651.000,0.006,0.33,0.34,0.03,0.00,0.01,0.04,0.05,0.19,0.34,0.28,0.03,0.00,0.01,0.07,0.05,0.22
6.440,2,452.000,716.000,52.000,651.000,452.000,716.000,64.000,650.000,452.000,716.000,64.000,650.000,0.005,0.31,0.34,0.03,0.00,0.01,0.04,0.06,0.21,0.34,0.28,0.03,0.00,0.01,0.07,0.05,0.22
6.473,7,454.000,718.000,56.000,652.000,456.000,719.000,59.000,649.000,456.000,719.000,59.000,649.000,0.005,0.33,0.34,0.03,0.00,0.01,0.05,0.06,0.20,0.31,0.34,0.03,0.00,0.01,0.04,0.06,0.20
6.473,2,452.000,716.000,64.000,650.000,452.000,718.000,64.000,647.000,452.000,718.000,64.000,647.000,0.003,0.32,0.34,0.03,0.00,0.01,0.05,0.06,0.20,0.34,0.28,0.03,0.00,0.01,0.07,0.05,0.22
6.507,7,456.000,719.000,59.000,649.000,458.000,723.000,63.000,644.000,458.000,723.000,63.000,644.000,0.010,0.32,0.34,0.03,0.00,0.01,0.05,0.06,0.20,0.31,0.34,0.03,0.00,0.01,0.04,0.06,0.20
6.507,2,452.000,718.000,64.000,647.000,464.000,716.000,71.000,638.000,464.000,716.000,71.000,638.000,0.020,0.33,0.30,0.03,0.00,0.01,0.05,0.06,0.22,0.34,0.28,0.03,0.00,0.01,0.07,0.05,0.22
6.540,7,458.000,723.000,63.000,644.000,454.000,720.000,65.000,647.000,454.000,720.000,65.000,647.000,0.009,0.33,0.34,0.03,0.00,0.01,0.05,0.05,0.19,0.31,0.34,0.03,0.00,0.01,0.04,0.06,0.20
6.540,2,464.000,716.000,71.000,638.000,461.000,713.000,67.000,639.000,461.000,713.000,67.000,639.000,0.008,0.34,0.30,0.03,0.00,0.01,0.05,0.06,0.20,0.34,0.28,0.03,0.00,0.01,0.07,0.05,0.22
6.573,7,454.000,720.000,65.000,647.000,450.000,721.000,71.000,633.000,450.000,721.000,71.000,633.000,0.013,0.32,0.33,0.03,0.00,0.01,0.05,0.06,0.20,0.31,0.34,0.03,0.00,0.01,0.04,0.06,0.20
6.573,2,461.000,713.000,67.000,639.000,458.000,712.000,66.000,636.000,458.000,712.000,66.000,636.000,0.006,0.34,0.30,0.03,0.00,0.01,0.05,0.06,0.21,0.34,0.28,0.03,0.00,0.01,0.07,0.05,0.22
6.607,7,450.000,721.000,71.000,633.000,454.000,727.000,66.000,644.000,454.000,727.000,66.000,644.000,0.016,0.31,0.34,0.03,0.00,0.01,0.04,0.06,0.20,0.31,0.34,0.03,0.00,0.01,0.04,0.06,0.20
6.607,2,458.000,712.000,66.000,636.000,455.000,716.000,64.000,636.000,455.000,716.000,64.000,636.000,0.008,0.34,0.31,0.03,0.00,0.01,0.05,0.06,0.21,0.34,0.28,0.03,0.00,0.01,0.07,0.05,0.22
6.640,7,454.000,727.000,66.000,644.000,452.000,722.000,62.000,649.000,452.000,722.000,62.000,649.000,0.010,0.32,0.34,0.03,0.00,0.01,0.04,0.06,0.20,0.31,0.34,0.03,0.00,0.01,0.04,0.06,0.20
6.673,7,452.000,722.000,62.000,649.000,452.000,722.000,63.000,647.000,452.000,722.000,63.000,647.000,0.001,0.33,0.34,0.03,0.00,0.01,0.05,0.06,0.19,0.31,0.34,0.03,0.00,0.01,0.04,0.06,0.20
6.707,7,452.000,722.000,63.000,647.000,454.000,722.000,63.000,643.000,454.000,722.000,63.000,643.000,0.004,0.32,0.32,0.04,0.00,0.01,0.05,0.06,0.20,0.31,0.34,0.03,0.00,0.01,0.04,0.06,0.20
6.707,8,442.000,721.000,36.000,650.000,444.000,721.000,43.000,647.000,444.000,721.000,43.000,647.000,0.006,0.33,0.34,0.03,0.00,0.01,0.04,0.05,0.19,0.34,0.35,0.03,0.00,0.01,0.04,0.05,0.18
6.740,7,454.000,722.000,63.000,643.000,452.000,722.000,63.000,646.000,452.000,722.000,63.000,646.000,0.003,0.33,0.33,0.04,0.00,0.01,0.04,0.06,0.20,0.31,0.34,0.03,0.00,0.01,0.04,0.06,0.20
6.740,8,444.000,721.000,43.000,647.000,444.000,724.000,45.000,645.000,444.000,724.000,45.000,645.000,0.004,0.33,0.34,0.04,0.00,0.01,0.04,0.05,0.19,0.34,0.35,0.03,0.00,0.01,0.04,0.05,0.18
6.773,7,452.000,722.000,63.000,646.000,451.000,724.000,65.000,643.000,451.000,724.000,65.000,643.000,0.005,0.33,0.33,0.04,0.00,0.01,0.04,0.06,0.20,0.31,0.34,0.03,0.00,0.01,0.04,0.06,0.20
6.773,8,444.000,724.000,45.000,645.000,445.000,726.000,48.000,646.000,445.000,726.000,48.000,646.000,0.004,0.33,0.34,0.04,0.00,0.01,0.04,0.05,0.18,0.34,0.35,0.03,0.00,0.01,0.04,0.05,0.18
6.807,7,451.000,724.000,65.000,643.000,452.000,720.000,65.000,641.000,452.000,720.000,65.000,641.000,0.005,0.33,0.31,0.03,0.00,0.01,0.05,0.06,0.21,0.31,0.34,0.03,0.00,0.01,0.04,0.06,0.20
6.840,7,452.000,720.000,65.000,641.000,452.000,720.000,63.000,639.000,452.000,720.000,63.000,639.000,0.002,0.34,0.31,0.03,0.00,0.01,0.05,0.06,0.20,0.31,0.34,0.03,0.00,0.01,0.04,0.06,0.20
6.874,7,452.000,720.000,63.000,639.000,452.000,722.000,61.000,637.000,452.000,722.000,61.000,637.000,0.004,0.34,0.31,0.03,0.00,0.01,0.05,0.06,0.20,0.31,0.34,0.03,0.00,0.01,0.04,0.06,0.20
6.907,7,452.000,722.000,61.000,637.000,447.000,719.000,62.000,640.000,447.000,719.000,62.000,640.000,0.009,0.34,0.31,0.03,0.00,0.01,0.04,0.06,0.20,0.31,0.34,0.03,0.00,0.01,0.04,0.06,0.20
6.940,7,447.000,719.000,62.000,640.000,445.000,719.000,65.000,633.000,445.000,719.000,65.000,633.000,0.006,0.35,0.30,0.03,0.00,0.01,0.05,0.06,0.20,0.31,0.34,0.03,0.00,0.01,0.04,0.06,0.20
6.940,9,445.000,725.000,53.000,642.000,445.000,711.000,70.000,635.000,445.000,711.000,70.000,635.000,0.023,0.36,0.29,0.03,0.00,0.01,0.05,0.06,0.20,0.34,0.33,0.03,0.00,0.01,0.04,0.06,0.19
6.974,7,445.000,719.000,65.000,633.000,448.000,718.000,59.000,638.000,448.000,718.000,59.000,638.000,0.008,0.35,0.30,0.03,0.00,0.01,0.04,0.06,0.21,0.31,0.34,0.03,0.00,0.01,0.04,0.06,0.20
6.974,9,445.000,711.000,70.000,635.000,445.000,712.000,71.000,636.000,445.000,712.000,71.000,636.000,0.002,0.34,0.29,0.03,0.00,0.01,0.05,0.06,0.22,0.34,0.33,0.03,0.00,0.01,0.04,0.06,0.19
7.007,7,448.000,718.000,59.000,638.000,444.000,719.000,68.000,634.000,444.000,719.000,68.000,634.000,0.010,0.35,0.30,0.03,0.00,0.01,0.05,0.06,0.21,0.31,0.34,0.03,0.00,0.01,0.04,0.06,0.20
7.007,9,445.000,712.000,71.000,636.000,445.000,712.000,74.000,636.000,445.000,712.000,74.000,636.000,0.001,0.35,0.29,0.03,0.00,0.01,0.05,0.06,0.21,0.34,0.33,0.03,0.00,0.01,0.04,0.06,0.19
7.040,7,444.000,719.000,68.000,634.000,437.000,728.000,44.000,643.000,437.000,728.000,44.000,643.000,0.029,0.35,0.33,0.03,0.00,0.01,0.04,0.05,0.18,0.31,0.34,0.03,0.00,0.01,0.04,0.06,0.20
7.040,9,445.000,712.000,74.000,636.000,435.000,713.000,67.000,650.000,435.000,713.000,67.000,650.000,0.020,0.35,0.32,0.03,0.00,0.01,0.05,0.06,0.19,0.34,0.33,0.03,0.00,0.01,0.04,0.06,0.19
7.074,7,437.000,728.000,44.000,643.000,442.000,714.000,61.000,639.000,442.000,714.000,61.000,639.000,0.025,0.37,0.30,0.03,0.00,0.01,0.05,0.06,0.19,0.31,0.34,0.03,0.00,0.01,0.04,0.06,0.20
7.074,9,435.000,713.000,67.000,650.000,436.000,711.000,68.000,651.000,436.000,711.000,68.000,651.000,0.004,0.36,0.32,0.03,0.00,0.01,0.05,0.05,0.19,0.34,0.33,0.03,0.00,0.01,0.04,0.06,0.19
7.107,7,442.000,714.000,61.000,639.000,440.000,715.000,60.000,635.000,440.000,715.000,60.000,635.000,0.005,0.37,0.29,0.03,0.00,0.01,0.04,0.06,0.20,0.31,0.34,0.03,0.00,0.01,0.04,0.06,0.20
7.140,7,440.000,715.000,60.000,635.000,438.000,718.000,63.000,632.000,438.000,718.000,63.000,632.000,0.007,0.37,0.29,0.03,0.00,0.01,0.04,0.06,0.20,0.31,0.34,0.03,0.00,0.01,0.04,0.06,0.20
7.174,10,433.000,715.000,67.000,643.000,431.000,744.000,72.000,637.000,431.000,744.000,72.000,637.000,0.032,0.33,0.35,0.04,0.00,0.01,0.04,0.05,0.18,0.36,0.31,0.03,0.00,0.01,0.04,0.06,0.19
7.174,7,438.000,718.000,63.000,632.000,429.000,718.000,67.000,637.000,429.000,718.000,67.000,637.000,0.012,0.36,0.31,0.03,0.00,0.01,0.04,0.06,0.20,0.31,0.34,0.03,0.00,0.01,0.04,0.06,0.20
7.207,10,431.000,744.000,72.000,637.000,425.000,732.000,41.000,647.000,425.000,732.000,41.000,647.000,0.033,0.36,0.34,0.03,0.00,0.01,0.04,0.05,0.17,0.36,0.31,0.03,0.00,0.01,0.04,0.06,0.19
7.207,7,429.000,718.000,67.000,637.000,425.000,720.000,64.000,640.000,425.000,720.000,64.000,640.000,0.008,0.36,0.32,0.03,0.00,0.01,0.04,0.05,0.18,0.31,0.34,0.03,0.00,0.01,0.04,0.06,0.20
7.241,10,425.000,732.000,41.000,647.000,419.000,738.000,36.000,649.000,419.000,738.000,36.000,649.000,0.013,0.35,0.36,0.04,0.00,0.01,0.03,0.05,0.17,0.36,0.31,0.03,0.00,0.01,0.04,0.06,0.19
7.241,7,425.000,720.000,64.000,640.000,419.000,728.000,58.000,640.000,419.000,728.000,58.000,640.000,0.014,0.35,0.34,0.03,0.00,0.01,0.04,0.05,0.18,0.31,0.34,0.03,0.00,0.01,0.04,0.06,0.20
7.274,7,419.000,728.000,58.000,640.000,414.000,742.000,63.000,629.000,414.000,742.000,63.000,629.000,0.022,0.35,0.35,0.04,0.00,0.01,0.03,0.05,0.17,0.31,0.34,0.03,0.00,0.01,0.04,0.06,0.20
7.307,7,414.000,742.000,63.000,629.000,411.000,750.000,48.000,640.000,411.000,750.000,48.000,640.000,0.020,0.36,0.37,0.04,0.00,0.01,0.03,0.04,0.15,0.31,0.34,0.03,0.00,0.01,0.04,0.06,0.20
7.341,7,411.000,750.000,48.000,640.000,407.000,764.000,51.000,638.000,407.000,764.000,51.000,638.000,0.015,0.33,0.38,0.04,0.00,0.00,0.03,0.04,0.17,0.31,0.34,0.03,0.00,0.01,0.04,0.06,0.20
7.374,7,407.000,764.000,51.000,638.000,410.000,775.000,56.000,633.000,410.000,775.000,56.000,633.000,0.014,0.34,0.38,0.05,0.00,0.01,0.03,0.04,0.16,0.31,0.34,0.03,0.00,0.01,0.04,0.06,0.20
7.407,7,410.000,775.000,56.000,633.000,407.000,782.000,55.000,627.000,407.000,782.000,55.000,627.000,0.010,0.34,0.38,0.05,0.00,0.00,0.03,0.04,0.16,0.31,0.34,0.03,0.00,0.01,0.04,0.06,0.20
7.441,7,407.000,782.000,55.000,627.000,401.000,787.000,53.000,635.000,401.000,787.000,53.000,635.000,0.012,0.35,0.39,0.05,0.00,0.01,0.03,0.04,0.14,0.31,0.34,0.03,0.00,0.01,0.04,0.06,0.20
7.474,7,401.000,787.000,53.000,635.000,407.000,798.000,61.000,624.000,407.000,798.000,61.000,624.000,0.019,0.34,0.39,0.04,0.00,0.01,0.03,0.04,0.15,0.31,0.34,0.03,0.00,0.01,0.04,0.06,0.20
7.508,7,407.000,798.000,61.000,624.000,404.000,805.000,57.000,619.000,404.000,805.000,57.000,619.000,0.010,0.35,0.38,0.04,0.00,0.01,0.03,0.04,0.14,0.31,0.34,0.03,0.00,0.01,0.04,0.06,0.20
7.541,7,404.000,805.000,57.000,619.000,403.000,806.000,61.000,619.000,403.000,806.000,61.000,619.000,0.003,0.36,0.38,0.05,0.00,0.01,0.03,0.04,0.13,0.31,0.34,0.03,0.00,0.01,0.04,0.06,0.20
7.574,7,403.000,806.000,61.000,619.000,401.000,808.000,59.000,618.000,401.000,808.000,59.000,618.000,0.004,0.38,0.38,0.05,0.00,0.01,0.04,0.03,0.11,0.31,0.34,0.03,0.00,0.01,0.04,0.06,0.20
7.608,7,401.000,808.000,59.000,618.000,401.000,809.000,57.000,617.000,401.000,809.000,57.000,617.000,0.002,0.36,0.38,0.04,0.00,0.01,0.03,0.04,0.13,0.31,0.34,0.03,0.00,0.01,0.04,0.06,0.20
7.641,7,401.000,809.000,57.000,617.000,394.000,813.000,61.000,623.000,394.000,813.000,61.000,623.000,0.011,0.36,0.40,0.04,0.00,0.01,0.03,0.03,0.12,0.31,0.34,0.03,0.00,0.01,0.04,0.06,0.20
7.674,7,394.000,813.000,61.000,623.000,395.000,815.000,61.000,617.000,395.000,815.000,61.000,617.000,0.004,0.34,0.40,0.04,0.00,0.01,0.03,0.04,0.15,0.31,0.34,0.03,0.00,0.01,0.04,0.06,0.20
7.708,7,395.000,815.000,61.000,617.000,395.000,820.000,62.000,620.000,395.000,820.000,62.000,620.000,0.005,0.34,0.41,0.04,0.00,0.01,0.03,0.03,0.14,0.31,0.34,0.03,0.00,0.01,0.04,0.06,0.20
7.741,7,395.000,820.000,62.000,620.000,396.000,824.000,62.000,621.000,396.000,824.000,62.000,621.000,0.003,0.34,0.41,0.04,0.00,0.01,0.03,0.04,0.14,0.31,0.34,0.03,0.00,0.01,0.04,0.06,0.20
7.774,7,396.000,824.000,62.000,621.000,398.000,829.000,63.000,631.000,398.000,829.000,63.000,631.000,0.009,0.35,0.42,0.04,0.00,0.00,0.03,0.03,0.13,0.31,0.34,0.03,0.00,0.01,0.04,0.06,0.20
7.808,7,398.000,829.000,63.000,631.000,397.000,833.000,63.000,621.000,397.000,833.000,63.000,621.000,0.007,0.32,0.42,0.04,0.00,0.00,0.02,0.04,0.16,0.31,0.34,0.03,0.00,0.01,0.04,0.06,0.20
7.841,7,397.000,833.000,63.000,621.000,397.000,832.000,66.000,629.000,397.000,832.000,66.000,629.000,0.006,0.32,0.42,0.03,0.00,0.00,0.02,0.04,0.15,0.31,0.34,0.03,0.00,0.01,0.04,0.06,0.20
7.875,7,397.000,832.000,66.000,629.000,392.000,839.000,66.000,623.000,392.000,839.000,66.000,623.000,0.010,0.32,0.43,0.03,0.00,0.00,0.02,0.04,0.15,0.31,0.34,0.03,0.00,0.01,0.04,0.06,0.20
7.908,7,392.000,839.000,66.000,623.000,400.000,849.000,64.000,624.000,400.000,849.000,64.000,624.000,0.011,0.32,0.43,0.04,0.00,0.00,0.02,0.04,0.15,0.31,0.34,0.03,0.00,0.01,0.04,0.06,0.20
7.941,7,400.000,849.000,64.000,624.000,394.000,846.000,67.000,624.000,394.000,846.000,67.000,624.000,0.006,0.30,0.43,0.04,0.00,0.00,0.02,0.04,0.16,0.31,0.34,0.03,0.00,0.01,0.04,0.06,0.20
7.975,7,394.000,846.000,67.000,624.000,394.000,843.000,67.000,623.000,394.000,843.000,67.000,623.000,0.002,0.31,0.43,0.04,0.00,0.00,0.03,0.04,0.15,0.31,0.34,0.03,0.00,0.01,0.04,0.06,0.20
8.008,7,394.000,843.000,67.000,623.000,394.000,841.000,67.000,623.000,394.000,841.000,67.000,623.000,0.001,0.31,0.42,0.04,0.00,0.00,0.03,0.04,0.15,0.31,0.34,0.03,0.00,0.01,0.04,0.06,0.20
8.041,7,394.000,841.000,67.000,623.000,397.000,843.000,63.000,624.000,397.000,843.000,63.000,624.000,0.005,0.30,0.43,0.04,0.00,0.00,0.03,0.04,0.17,0.31,0.34,0.03,0.00,0.01,0.04,0.06,0.20
8.075,7,397.000,843.000,63.000,624.000,403.000,846.000,63.000,624.000,403.000,846.000,63.000,624.000,0.005,0.30,0.42,0.04,0.00,0.00,0.03,0.04,0.17,0.31,0.34,0.03,0.00,0.01,0.04,0.06,0.20
8.108,7,403.000,846.000,63.000,624.000,398.000,843.000,63.000,624.000,398.000,843.000,63.000,624.000,0.005,0.29,0.43,0.04,0.00,0.00,0.03,0.04,0.18,0.31,0.34,0.03,0.00,0.01,0.04,0.06,0.20
8.141,7,398.000,843.000,63.000,624.000,399.000,841.000,63.000,624.000,399.000,841.000,63.000,624.000,0.002,0.30,0.42,0.04,0.00,0.00,0.03,0.04,0.17,0.31,0.34,0.03,0.00,0.01,0.04,0.06,0.20
8.175,7,399.000,841.000,63.000,624.000,404.000,844.000,65.000,630.000,404.000,844.000,65.000,630.000,0.008,0.28,0.43,0.04,0.00,0.00,0.03,0.04,0.18,0.31,0.34,0.03,0.00,0.01,0.04,0.06,0.20
8.208,7,404.000,844.000,65.000,630.000,404.000,840.000,65.000,630.000,404.000,840.000,65.000,630.000,0.002,0.30,0.42,0.04,0.00,0.00,0.03,0.04,0.17,0.31,0.34,0.03,0.00,0.01,0.04,0.06,0.20
8.242,7,404.000,840.000,65.000,630.000,406.000,842.000,66.000,630.000,406.000,842.000,66.000,630.000,0.003,0.29,0.42,0.04,0.00,0.00,0.03,0.04,0.17,0.31,0.34,0.03,0.00,0.01,0.04,0.06,0.20
8.275,7,406.000,842.000,66.000,630.000,408.000,838.000,66.000,632.000,408.000,838.000,66.000,632.000,0.004,0.28,0.42,0.03,0.00,0.00,0.03,0.04,0.19,0.31,0.34,0.03,0.00,0.01,0.04,0.06,0.20
8.308,7,408.000,838.000,66.000,632.000,401.000,840.000,65.000,626.000,401.000,840.000,65.000,626.000,0.008,0.29,0.42,0.04,0.00,0.00,0.03,0.04,0.18,0.31,0.34,0.03,0.00,0.01,0.04,0.06,0.20
8.342,7,401.000,840.000,65.000,626.000,409.000,842.000,64.000,636.000,409.000,842.000,64.000,636.000,0.011,0.29,0.43,0.03,0.00,0.00,0.03,0.04,0.17,0.31,0.34,0.03,0.00,0.01,0.04,0.06,0.20
8.375,7,409.000,842.000,64.000,636.000,407.000,836.000,67.000,632.000,407.000,836.000,67.000,632.000,0.008,0.28,0.42,0.03,0.00,0.00,0.03,0.05,0.19,0.31,0.34,0.03,0.00,0.01,0.04,0.06,0.20
8.408,7,407.000,836.000,67.000,632.000,409.000,838.000,67.000,633.000,409.000,838.000,67.000,633.000,0.003,0.29,0.42,0.03,0.00,0.00,0.03,0.05,0.18,0.31,0.34,0.03,0.00,0.01,0.04,0.06,0.20
8.442,7,409.000,838.000,67.000,633.000,405.000,843.000,71.000,629.000,405.000,843.000,71.000,629.000,0.009,0.27,0.42,0.03,0.00,0.00,0.03,0.05,0.19,0.31,0.34,0.03,0.00,0.01,0.04,0.06,0.20
8.475,7,405.000,843.000,71.000,629.000,410.000,844.000,72.000,633.000,410.000,844.000,72.000,633.000,0.006,0.28,0.42,0.04,0.00,0.00,0.03,0.05,0.18,0.31,0.34,0.03,0.00,0.01,0.04,0.06,0.20
8.509,7,410.000,844.000,72.000,633.000,410.000,838.000,70.000,632.000,410.000,838.000,70.000,632.000,0.005,0.28,0.41,0.03,0.00,0.00,0.03,0.05,0.19,0.31,0.34,0.03,0.00,0.01,0.04,0.06,0.20
8.542,7,410.000,838.000,70.000,632.000,409.000,841.000,67.000,632.000,409.000,841.000,67.000,632.000,0.004,0.30,0.41,0.04,0.00,0.00,0.03,0.04,0.18,0.31,0.34,0.03,0.00,0.01,0.04,0.06,0.20
8.575,7,409.000,841.000,67.000,632.000,413.000,839.000,67.000,632.000,413.000,839.000,67.000,632.000,0.003,0.31,0.40,0.04,0.00,0.00,0.03,0.05,0.18,0.31,0.34,0.03,0.00,0.01,0.04,0.06,0.20
8.609,7,413.000,839.000,67.000,632.000,418.000,845.000,69.000,632.000,418.000,845.000,69.000,632.000,0.007,0.29,0.40,0.03,0.00,0.00,0.03,0.05,0.19,0.31,0.34,0.03,0.00,0.01,0.04,0.06,0.20
8.642,7,418.000,845.000,69.000,632.000,417.000,850.000,67.000,631.000,417.000,850.000,67.000,631.000,0.005,0.30,0.41,0.03,0.00,0.00,0.03,0.05,0.18,0.31,0.34,0.03,0.00,0.01,0.04,0.06,0.20
8.675,7,417.000,850.000,67.000,631.000,424.000,849.000,69.000,633.000,424.000,849.000,69.000,633.000,0.006,0.30,0.40,0.03,0.00,0.00,0.03,0.05,0.19,0.31,0.34,0.03,0.00,0.01,0.04,0.06,0.20
8.709,7,424.000,849.000,69.000,633.000,416.000,851.000,69.000,630.000,416.000,851.000,69.000,630.000,0.007,0.31,0.40,0.03,0.00,0.00,0.03,0.05,0.18,0.31,0.34,0.03,0.00,0.01,0.04,0.06,0.20
8.742,7,416.000,851.000,69.000,630.000,422.000,852.000,66.000,630.000,422.000,852.000,66.000,630.000,0.005,0.30,0.40,0.03,0.00,0.00,0.03,0.05,0.19,0.31,0.34,0.03,0.00,0.01,0.04,0.06,0.20
8.775,7,422.000,852.000,66.000,630.000,418.000,850.000,66.000,630.000,418.000,850.000,66.000,630.000,0.003,0.31,0.40,0.03,0.00,0.00,0.03,0.05,0.18,0.31,0.34,0.03,0.00,0.01,0.04,0.06,0.20
8.809,7,418.000,850.000,66.000,630.000,425.000,851.000,66.000,631.000,425.000,851.000,66.000,631.000,0.005,0.31,0.40,0.03,0.00,0.00,0.03,0.05,0.18,0.31,0.34,0.03,0.00,0.01,0.04,0.06,0.20
8.842,7,425.000,851.000,66.000,631.000,430.000,850.000,67.000,631.000,430.000,850.000,67.000,631.000,0.004,0.32,0.39,0.03,0.00,0.00,0.03,0.05,0.17,0.31,0.34,0.03,0.00,0.01,0.04,0.06,0.20
8.876,7,430.000,850.000,67.000,631.000,433.000,851.000,67.000,630.000,433.000,851.000,67.000,630.000,0.003,0.31,0.40,0.03,0.00,0.00,0.03,0.05,0.18,0.31,0.34,0.03,0.00,0.01,0.04,0.06,0.20
8.909,7,433.000,851.000,67.000,630.000,431.000,851.000,68.000,628.000,431.000,851.000,68.000,628.000,0.003,0.31,0.40,0.03,0.00,0.00,0.03,0.05,0.17,0.31,0.34,0.03,0.00,0.01,0.04,0.06,0.20
8.942,7,431.000,851.000,68.000,628.000,428.000,850.000,70.000,628.000,428.000,850.000,70.000,628.000,0.003,0.31,0.41,0.03,0.00,0.00,0.03,0.05,0.17,0.31,0.34,0.03,0.00,0.01,0.04,0.06,0.20
8.976,7,428.000,850.000,70.000,628.000,428.000,851.000,69.000,634.000,428.000,851.000,69.000,634.000,0.004,0.31,0.41,0.03,0.00,0.00,0.03,0.05,0.17,0.31,0.34,0.03,0.00,0.01,0.04,0.06,0.20
9.009,7,428.000,851.000,69.000,634.000,422.000,842.000,70.000,643.000,422.000,842.000,70.000,643.000,0.013,0.31,0.41,0.04,0.00,0.00,0.02,0.04,0.16,0.31,0.34,0.03,0.00,0.01,0.04,0.06,0.20
9.042,7,422.000,842.000,70.000,643.000,421.000,841.000,69.000,638.000,421.000,841.000,69.000,638.000,0.004,0.30,0.42,0.03,0.00,0.00,0.02,0.05,0.17,0.31,0.34,0.03,0.00,0.01,0.04,0.06,0.20
9.076,7,421.000,841.000,69.000,638.000,422.000,842.000,69.000,640.000,422.000,842.000,69.000,640.000,0.002,0.30,0.43,0.03,0.00,0.00,0.02,0.05,0.16,0.31,0.34,0.03,0.00,0.01,0.04,0.06,0.20
9.109,7,422.000,842.000,69.000,640.000,421.000,840.000,70.000,641.000,421.000,840.000,70.000,641.000,0.003,0.29,0.43,0.03,0.00,0.00,0.03,0.04,0.17,0.31,0.34,0.03,0.00,0.01,0.04,0.06,0.20
9.142,7,421.000,840.000,70.000,641.000,409.000,829.000,71.000,642.000,409.000,829.000,71.000,642.000,0.015,0.30,0.43,0.03,0.00,0.00,0.03,0.04,0.16,0.31,0.34,0.03,0.00,0.01,0.04,0.06,0.20
9.176,7,409.000,829.000,71.000,642.000,410.000,825.000,67.000,640.000,410.000,825.000,67.000,640.000,0.006,0.29,0.43,0.03,0.00,0.00,0.03,0.04,0.17,0.31,0.34,0.03,0.00,0.01,0.04,0.06,0.20
9.209,7,410.000,825.000,67.000,640.000,409.000,823.000,66.000,640.000,409.000,823.000,66.000,640.000,0.002,0.29,0.44,0.03,0.00,0.00,0.02,0.04,0.17,0.31,0.34,0.03,0.00,0.01,0.04,0.06,0.20
9.243,7,409.000,823.000,66.000,640.000,404.000,818.000,65.000,632.000,404.000,818.000,65.000,632.000,0.010,0.29,0.43,0.03,0.00,0.00,0.02,0.05,0.17,0.31,0.34,0.03,0.00,0.01,0.04,0.06,0.20
9.276,7,404.000,818.000,65.000,632.000,396.000,813.000,69.000,632.000,396.000,813.000,69.000,632.000,0.010,0.29,0.44,0.03,0.00,0.00,0.02,0.04,0.16,0.31,0.34,0.03,0.00,0.01,0.04,0.06,0.20
9.309,7,396.000,813.000,69.000,632.000,392.000,811.000,65.000,628.000,392.000,811.000,65.000,628.000,0.007,0.28,0.45,0.03,0.00,0.00,0.02,0.05,0.17,0.31,0.34,0.03,0.00,0.01,0.04,0.06,0.20
9.343,7,392.000,811.000,65.000,628.000,394.000,807.000,69.000,630.000,394.000,807.000,69.000,630.000,0.006,0.28,0.45,0.03,0.00,0.00,0.02,0.05,0.17,0.31,0.34,0.03,0.00,0.01,0.04,0.06,0.20
9.376,7,394.000,807.000,69.000,630.000,395.000,793.000,72.000,635.000,395.000,793.000,72.000,635.000,0.013,0.29,0.44,0.03,0.00,0.00,0.02,0.05,0.17,0.31,0.34,0.03,0.00,0.01,0.04,0.06,0.20
9.409,7,395.000,793.000,72.000,635.000,410.000,797.000,72.000,634.000,410.000,797.000,72.000,634.000,0.012,0.29,0.43,0.04,0.00,0.00,0.02,0.05,0.17,0.31,0.34,0.03,0.00,0.01,0.04,0.06,0.20
9.443,7,410.000,797.000,72.000,634.000,409.000,800.000,80.000,635.000,409.000,800.000,80.000,635.000,0.007,0.28,0.44,0.03,0.00,0.00,0.02,0.05,0.17,0.31,0.34,0.03,0.00,0.01,0.04,0.06,0.20
9.476,11,394.000,789.000,72.000,632.000,391.000,783.000,69.000,641.000,391.000,783.000,69.000,641.000,0.011,0.30,0.45,0.03,0.00,0.00,0.02,0.04,0.16,0.29,0.44,0.03,0.00,0.00,0.02,0.05,0.17
9.509,11,391.000,783.000,69.000,641.000,386.000,770.000,66.000,631.000,386.000,770.000,66.000,631.000,0.017,0.31,0.43,0.03,0.00,0.00,0.02,0.04,0.16,0.29,0.44,0.03,0.00,0.00,0.02,0.05,0.17
9.543,11,386.000,770.000,66.000,631.000,384.000,770.000,67.000,631.000,384.000,770.000,67.000,631.000,0.002,0.31,0.44,0.03,0.00,0.00,0.02,0.05,0.15,0.29,0.44,0.03,0.00,0.00,0.02,0.05,0.17
9.576,11,384.000,770.000,67.000,631.000,383.000,776.000,63.000,637.000,383.000,776.000,63.000,637.000,0.009,0.31,0.45,0.03,0.00,0.00,0.02,0.04,0.14,0.29,0.44,0.03,0.00,0.00,0.02,0.05,0.17
9.610,11,383.000,776.000,63.000,637.000,381.000,782.000,64.000,635.000,381.000,782.000,64.000,635.000,0.006,0.31,0.46,0.03,0.00,0.00,0.02,0.04,0.14,0.29,0.44,0.03,0.00,0.00,0.02,0.05,0.17
9.643,11,381.000,782.000,64.000,635.000,381.000,783.000,68.000,630.000,381.000,783.000,68.000,630.000,0.005,0.31,0.46,0.03,0.00,0.00,0.02,0.04,0.13,0.29,0.44,0.03,0.00,0.00,0.02,0.05,0.17
9.676,11,381.000,783.000,68.000,630.000,379.000,789.000,65.000,631.000,379.000,789.000,65.000,631.000,0.007,0.29,0.46,0.03,0.00,0.00,0.02,0.04,0.15,0.29,0.44,0.03,0.00,0.00,0.02,0.05,0.17
9.710,11,379.000,789.000,65.000,631.000,380.000,790.000,63.000,631.000,380.000,790.000,63.000,631.000,0.002,0.30,0.46,0.03,0.00,0.00,0.02,0.04,0.14,0.29,0.44,0.03,0.00,0.00,0.02,0.05,0.17
9.743,11,380.000,790.000,63.000,631.000,383.000,793.000,59.000,637.000,383.000,793.000,59.000,637.000,0.008,0.30,0.46,0.03,0.00,0.00,0.02,0.04,0.14,0.29,0.44,0.03,0.00,0.00,0.02,0.05,0.17
9.776,13,401.000,798.000,70.000,634.000,392.000,801.000,69.000,632.000,392.000,801.000,69.000,632.000,0.009,0.30,0.46,0.03,0.00,0.00,0.02,0.04,0.14,0.30,0.45,0.03,0.00,0.00,0.02,0.05,0.15
9.776,11,383.000,793.000,59.000,637.000,378.000,795.000,60.000,636.000,378.000,795.000,60.000,636.000,0.005,0.30,0.46,0.03,0.00,0.00,0.02,0.04,0.14,0.29,0.44,0.03,0.00,0.00,0.02,0.05,0.17
9.810,13,392.000,801.000,69.000,632.000,396.000,799.000,73.000,633.000,396.000,799.000,73.000,633.000,0.006,0.29,0.45,0.03,0.00,0.00,0.02,0.05,0.15,0.30,0.45,0.03,0.00,0.00,0.02,0.05,0.15
9.810,11,378.000,795.000,60.000,636.000,382.000,797.000,63.000,636.000,382.000,797.000,63.000,636.000,0.005,0.29,0.46,0.03,0.00,0.00,0.02,0.04,0.15,0.29,0.44,0.03,0.00,0.00,0.02,0.05,0.17
9.843,11,382.000,797.000,63.000,636.000,387.000,798.000,68.000,630.000,387.000,798.000,68.000,630.000,0.008,0.30,0.46,0.03,0.00,0.00,0.02,0.04,0.15,0.29,0.44,0.03,0.00,0.00,0.02,0.05,0.17
9.877,11,387.000,798.000,68.000,630.000,388.000,799.000,63.000,635.000,388.000,799.000,63.000,635.000,0.006,0.30,0.46,0.03,0.00,0.00,0.02,0.04,0.14,0.29,0.44,0.03,0.00,0.00,0.02,0.05,0.17
9.910,14,407.000,804.000,74.000,631.000,408.000,804.000,76.000,632.000,408.000,804.000,76.000,632.000,0.002,0.30,0.44,0.03,0.00,0.00,0.02,0.05,0.15,0.30,0.44,0.03,0.00,0.00,0.02,0.05,0.15
9.910,11,388.000,799.000,63.000,635.000,389.000,799.000,65.000,635.000,389.000,799.000,65.000,635.000,0.001,0.30,0.46,0.03,0.00,0.00,0.02,0.04,0.14,0.29,0.44,0.03,0.00,0.00,0.02,0.05,0.17
9.943,14,408.000,804.000,76.000,632.000,404.000,801.000,75.000,632.000,404.000,801.000,75.000,632.000,0.005,0.31,0.44,0.03,0.00,0.01,0.02,0.05,0.15,0.30,0.44,0.03,0.00,0.00,0.02,0.05,0.15
9.977,14,404.000,801.000,75.000,632.000,401.000,806.000,75.000,634.000,401.000,806.000,75.000,634.000,0.006,0.30,0.44,0.03,0.00,0.01,0.02,0.05,0.15,0.30,0.44,0.03,0.00,0.00,0.02,0.05,0.15
10.010,14,401.000,806.000,75.000,634.000,396.000,807.000,71.000,634.000,396.000,807.000,71.000,634.000,0.005,0.31,0.43,0.04,0.00,0.01,0.03,0.04,0.14,0.30,0.44,0.03,0.00,0.00,0.02,0.05,0.15
10.043,14,396.000,807.000,71.000,634.000,385.000,806.000,65.000,627.000,385.000,806.000,65.000,627.000,0.013,0.31,0.43,0.04,0.00,0.01,0.03,0.04,0.15,0.30,0.44,0.03,0.00,0.00,0.02,0.05,0.15
10.077,14,385.000,806.000,65.000,627.000,390.000,804.000,62.000,629.000,390.000,804.000,62.000,629.000,0.006,0.32,0.42,0.03,0.00,0.01,0.03,0.05,0.15,0.30,0.44,0.03,0.00,0.00,0.02,0.05,0.15
10.110,14,390.000,804.000,62.000,629.000,383.000,799.000,62.000,629.000,383.000,799.000,62.000,629.000,0.007,0.32,0.42,0.03,0.00,0.01,0.03,0.05,0.14,0.30,0.44,0.03,0.00,0.00,0.02,0.05,0.15
10.143,14,383.000,799.000,62.000,629.000,384.000,796.000,61.000,628.000,384.000,796.000,61.000,628.000,0.003,0.32,0.41,0.03,0.00,0.01,0.03,0.05,0.15,0.30,0.44,0.03,0.00,0.00,0.02,0.05,0.15
10.177,14,384.000,796.000,61.000,628.000,385.000,794.000,60.000,629.000,385.000,794.000,60.000,629.000,0.003,0.32,0.41,0.03,0.00,0.01,0.03,0.05,0.16,0.30,0.44,0.03,0.00,0.00,0.02,0.05,0.15
10.210,14,385.000,794.000,60.000,629.000,386.000,792.000,62.000,629.000,386.000,792.000,62.000,629.000,0.003,0.32,0.41,0.03,0.00,0.01,0.03,0.05,0.15,0.30,0.44,0.03,0.00,0.00,0.02,0.05,0.15
10.244,14,386.000,792.000,62.000,629.000,380.000,792.000,61.000,629.000,380.000,792.000,61.000,629.000,0.004,0.32,0.42,0.03,0.00,0.01,0.03,0.05,0.15,0.30,0.44,0.03,0.00,0.00,0.02,0.05,0.15
10.277,14,380.000,792.000,61.000,629.000,375.000,791.000,65.000,628.000,375.000,791.000,65.000,628.000,0.006,0.30,0.43,0.03,0.00,0.00,0.03,0.05,0.16,0.30,0.44,0.03,0.00,0.00,0.02,0.05,0.15
10.310,14,375.000,791.000,65.000,628.000,373.000,792.000,67.000,628.000,373.000,792.000,67.000,628.000,0.003,0.30,0.43,0.03,0.00,0.00,0.03,0.05,0.15,0.30,0.44,0.03,0.00,0.00,0.02,0.05,0.15
10.344,14,373.000,792.000,67.000,628.000,385.000,792.000,76.000,634.000,385.000,792.000,76.000,634.000,0.014,0.29,0.43,0.03,0.00,0.01,0.03,0.05,0.15,0.30,0.44,0.03,0.00,0.00,0.02,0.05,0.15
10.377,14,385.000,792.000,76.000,634.000,394.000,793.000,75.000,635.000,394.000,793.000,75.000,635.000,0.007,0.30,0.43,0.03,0.00,0.01,0.03,0.05,0.15,0.30,0.44,0.03,0.00,0.00,0.02,0.05,0.15
10.410,14,394.000,793.000,75.000,635.000,394.000,796.000,74.000,633.000,394.000,796.000,74.000,633.000,0.003,0.30,0.43,0.03,0.00,0.01,0.03,0.05,0.15,0.30,0.44,0.03,0.00,0.00,0.02,0.05,0.15
10.410,15,377.000,793.000,64.000,636.000,381.000,790.000,64.000,637.000,381.000,790.000,64.000,637.000,0.005,0.30,0.44,0.03,0.00,0.01,0.03,0.05,0.14,0.30,0.44,0.03,0.00,0.00,0.03,0.05,0.14
10.444,14,394.000,796.000,74.000,633.000,395.000,789.000,76.000,631.000,395.000,789.000,76.000,631.000,0.007,0.31,0.42,0.03,0.00,0.01,0.04,0.05,0.14,0.30,0.44,0.03,0.00,0.00,0.02,0.05,0.15
10.444,15,381.000,790.000,64.000,637.000,382.000,784.000,66.000,636.000,382.000,784.000,66.000,636.000,0.006,0.31,0.43,0.03,0.00,0.01,0.03,0.05,0.14,0.30,0.44,0.03,0.00,0.00,0.03,0.05,0.14
10.477,14,395.000,789.000,76.000,631.000,391.000,780.000,73.000,634.000,391.000,780.000,73.000,634.000,0.011,0.32,0.41,0.03,0.00,0.01,0.04,0.05,0.14,0.30,0.44,0.03,0.00,0.00,0.02,0.05,0.15
10.477,15,382.000,784.000,66.000,636.000,382.000,774.000,64.000,636.000,382.000,774.000,64.000,636.000,0.007,0.32,0.42,0.03,0.00,0.01,0.04,0.05,0.14,0.30,0.44,0.03,0.00,0.00,0.03,0.05,0.14
10.510,14,391.000,780.000,73.000,634.000,392.000,776.000,74.000,631.000,392.000,776.000,74.000,631.000,0.005,0.32,0.41,0.03,0.00,0.01,0.04,0.05,0.14,0.30,0.44,0.03,0.00,0.00,0.02,0.05,0.15
10.510,15,382.000,774.000,64.000,636.000,382.000,771.000,66.000,634.000,382.000,771.000,66.000,634.000,0.004,0.33,0.41,0.03,0.00,0.01,0.04,0.05,0.13,0.30,0.44,0.03,0.00,0.00,0.03,0.05,0.14
10.544,14,392.000,776.000,74.000,631.000,392.000,771.000,72.000,634.000,392.000,771.000,72.000,634.000,0.005,0.32,0.40,0.04,0.00,0.01,0.04,0.05,0.14,0.30,0.44,0.03,0.00,0.00,0.02,0.05,0.15
10.544,15,382.000,771.000,66.000,634.000,384.000,765.000,65.000,637.000,384.000,765.000,65.000,637.000,0.007,0.33,0.40,0.04,0.00,0.01,0.04,0.05,0.14,0.30,0.44,0.03,0.00,0.00,0.03,0.05,0.14
10.577,14,392.000,771.000,72.000,634.000,391.000,780.000,72.000,632.000,391.000,780.000,72.000,632.000,0.007,0.32,0.41,0.04,0.00,0.01,0.04,0.05,0.14,0.30,0.44,0.03,0.00,0.00,0.02,0.05,0.15
10.577,15,384.000,765.000,65.000,637.000,386.000,772.000,66.000,636.000,386.000,772.000,66.000,636.000,0.007,0.32,0.41,0.04,0.00,0.01,0.04,0.05,0.14,0.30,0.44,0.03,0.00,0.00,0.03,0.05,0.14
10.611,15,386.000,772.000,66.000,636.000,382.000,782.000,63.000,640.000,382.000,782.000,63.000,640.000,0.012,0.32,0.43,0.04,0.00,0.01,0.03,0.04,0.13,0.30,0.44,0.03,0.00,0.00,0.03,0.05,0.14
10.644,15,382.000,782.000,63.000,640.000,387.000,782.000,68.000,637.000,387.000,782.000,68.000,637.000,0.007,0.31,0.42,0.03,0.00,0.01,0.04,0.05,0.14,0.30,0.44,0.03,0.00,0.00,0.03,0.05,0.14
10.677,16,396.000,791.000,80.000,628.000,394.000,786.000,73.000,627.000,394.000,786.000,73.000,627.000,0.008,0.32,0.41,0.03,0.00,0.01,0.04,0.05,0.14,0.31,0.41,0.03,0.00,0.01,0.04,0.05,0.14
10.677,15,387.000,782.000,68.000,637.000,383.000,779.000,64.000,635.000,383.000,779.000,64.000,635.000,0.007,0.32,0.42,0.03,0.00,0.01,0.03,0.05,0.13,0.30,0.44,0.03,0.00,0.00,0.03,0.05,0.14
10.711,16,394.000,786.000,73.000,627.000,398.000,790.000,75.000,628.000,398.000,790.000,75.000,628.000,0.006,0.32,0.41,0.03,0.00,0.01,0.04,0.05,0.14,0.31,0.41,0.03,0.00,0.01,0.04,0.05,0.14
10.711,15,383.000,779.000,64.000,635.000,385.000,781.000,65.000,636.000,385.000,781.000,65.000,636.000,0.003,0.32,0.42,0.03,0.00,0.01,0.03,0.05,0.13,0.30,0.44,0.03,0.00,0.00,0.03,0.05,0.14
10.744,16,398.000,790.000,75.000,628.000,400.000,791.000,77.000,629.000,400.000,791.000,77.000,629.000,0.003,0.31,0.41,0.03,0.00,0.01,0.04,0.05,0.15,0.31,0.41,0.03,0.00,0.01,0.04,0.05,0.14
10.744,15,385.000,781.000,65.000,636.000,386.000,783.000,67.000,637.000,386.000,783.000,67.000,637.000,0.003,0.31,0.42,0.03,0.00,0.01,0.03,0.05,0.14,0.30,0.44,0.03,0.00,0.00,0.03,0.05,0.14
10.777,16,400.000,791.000,77.000,629.000,396.000,794.000,67.000,629.000,396.000,794.000,67.000,629.000,0.009,0.31,0.41,0.03,0.00,0.01,0.03,0.05,0.14,0.31,0.41,0.03,0.00,0.01,0.04,0.05,0.14
10.777,15,386.000,783.000,67.000,637.000,385.000,785.000,65.000,636.000,385.000,785.000,65.000,636.000,0.003,0.31,0.42,0.03,0.00,0.01,0.03,0.05,0.14,0.30,0.44,0.03,0.00,0.00,0.03,0.05,0.14
10.811,16,396.000,794.000,67.000,629.000,397.000,792.000,67.000,630.000,397.000,792.000,67.000,630.000,0.002,0.31,0.41,0.03,0.00,0.01,0.04,0.05,0.14,0.31,0.41,0.03,0.00,0.01,0.04,0.05,0.14
10.811,15,385.000,785.000,65.000,636.000,388.000,783.000,61.000,636.000,388.000,783.000,61.000,636.000,0.005,0.31,0.42,0.03,0.00,0.01,0.03,0.05,0.14,0.30,0.44,0.03,0.00,0.00,0.03,0.05,0.14
10.844,16,397.000,792.000,67.000,630.000,391.000,795.000,62.000,629.000,391.000,795.000,62.000,629.000,0.008,0.31,0.42,0.03,0.00,0.01,0.03,0.05,0.14,0.31,0.41,0.03,0.00,0.01,0.04,0.05,0.14
10.844,15,388.000,783.000,61.000,636.000,383.000,790.000,60.000,634.000,383.000,790.000,60.000,634.000,0.009,0.31,0.43,0.03,0.00,0.01,0.03,0.05,0.13,0.30,0.44,0.03,0.00,0.00,0.03,0.05,0.14
10.878,16,391.000,795.000,62.000,629.000,394.000,811.000,77.000,631.000,394.000,811.000,77.000,631.000,0.019,0.29,0.44,0.03,0.00,0.01,0.03,0.05,0.14,0.31,0.41,0.03,0.00,0.01,0.04,0.05,0.14
10.878,15,383.000,790.000,60.000,634.000,381.000,798.000,64.000,638.000,381.000,798.000,64.000,638.000,0.010,0.30,0.44,0.03,0.00,0.01,0.03,0.05,0.14,0.30,0.44,0.03,0.00,0.00,0.03,0.05,0.14
10.911,16,394.000,811.000,77.000,631.000,394.000,809.000,77.000,632.000,394.000,809.000,77.000,632.000,0.002,0.30,0.44,0.03,0.00,0.01,0.03,0.05,0.14,0.31,0.41,0.03,0.00,0.01,0.04,0.05,0.14
10.911,15,381.000,798.000,64.000,638.000,382.000,799.000,64.000,635.000,382.000,799.000,64.000,635.000,0.003,0.31,0.44,0.03,0.00,0.01,0.03,0.05,0.14,0.30,0.44,0.03,0.00,0.00,0.03,0.05,0.14
10.944,16,394.000,809.000,77.000,632.000,388.000,816.000,69.000,629.000,388.000,816.000,69.000,629.000,0.013,0.30,0.45,0.03,0.00,0.01,0.03,0.05,0.14,0.31,0.41,0.03,0.00,0.01,0.04,0.05,0.14
10.944,15,382.000,799.000,64.000,635.000,382.000,803.000,60.000,636.000,382.000,803.000,60.000,636.000,0.005,0.31,0.44,0.03,0.00,0.01,0.03,0.05,0.13,0.30,0.44,0.03,0.00,0.00,0.03,0.05,0.14
10.978,15,382.000,803.000,60.000,636.000,383.000,803.000,68.000,631.000,383.000,803.000,68.000,631.000,0.006,0.31,0.43,0.03,0.00,0.01,0.03,0.05,0.13,0.30,0.44,0.03,0.00,0.00,0.03,0.05,0.14
11.011,15,383.000,803.000,68.000,631.000,380.000,799.000,61.000,631.000,380.000,799.000,61.000,631.000,0.007,0.32,0.41,0.04,0.00,0.01,0.03,0.05,0.14,0.30,0.44,0.03,0.00,0.00,0.03,0.05,0.14
11.044,15,380.000,799.000,61.000,631.000,377.000,805.000,64.000,636.000,377.000,805.000,64.000,636.000,0.009,0.33,0.42,0.04,0.00,0.01,0.03,0.05,0.13,0.30,0.44,0.03,0.00,0.00,0.03,0.05,0.14
11.078,17,378.000,822.000,77.000,631.000,378.000,837.000,82.000,637.000,378.000,837.000,82.000,637.000,0.013,0.31,0.46,0.04,0.00,0.01,0.03,0.04,0.12,0.31,0.44,0.04,0.00,0.01,0.03,0.05,0.12
11.111,17,378.000,837.000,82.000,637.000,382.000,824.000,70.000,635.000,382.000,824.000,70.000,635.000,0.016,0.32,0.43,0.04,0.00,0.00,0.02,0.04,0.14,0.31,0.44,0.04,0.00,0.01,0.03,0.05,0.12
11.144,17,382.000,824.000,70.000,635.000,386.000,835.000,71.000,634.000,386.000,835.000,71.000,634.000,0.009,0.33,0.43,0.04,0.00,0.00,0.02,0.04,0.13,0.31,0.44,0.04,0.00,0.01,0.03,0.05,0.12
11.178,17,386.000,835.000,71.000,634.000,383.000,855.000,74.000,636.000,383.000,855.000,74.000,636.000,0.015,0.32,0.46,0.04,0.00,0.00,0.02,0.04,0.13,0.31,0.44,0.04,0.00,0.01,0.03,0.05,0.12
11.211,17,383.000,855.000,74.000,636.000,381.000,870.000,91.000,638.000,381.000,870.000,91.000,638.000,0.017,0.30,0.47,0.04,0.00,0.00,0.01,0.04,0.14,0.31,0.44,0.04,0.00,0.01,0.03,0.05,0.12
11.245,17,381.000,870.000,91.000,638.000,383.000,877.000,87.000,634.000,383.000,877.000,87.000,634.000,0.008,0.31,0.46,0.03,0.00,0.00,0.02,0.04,0.13,0.31,0.44,0.04,0.00,0.01,0.03,0.05,0.12
11.278,17,383.000,877.000,87.000,634.000,386.000,886.000,83.000,637.000,386.000,886.000,83.000,637.000,0.009,0.30,0.47,0.03,0.00,0.00,0.02,0.04,0.13,0.31,0.44,0.04,0.00,0.01,0.03,0.05,0.12
11.311,17,386.000,886.000,83.000,637.000,391.000,894.000,80.000,635.000,391.000,894.000,80.000,635.000,0.009,0.31,0.47,0.03,0.00,0.00,0.02,0.04,0.13,0.31,0.44,0.04,0.00,0.01,0.03,0.05,0.12
11.345,17,391.000,894.000,80.000,635.000,390.000,901.000,82.000,636.000,390.000,901.000,82.000,636.000,0.005,0.29,0.47,0.03,0.00,0.00,0.02,0.04,0.14,0.31,0.44,0.04,0.00,0.01,0.03,0.05,0.12
11.378,17,390.000,901.000,82.000,636.000,388.000,904.000,72.000,637.000,388.000,904.000,72.000,637.000,0.007,0.30,0.48,0.03,0.00,0.00,0.02,0.04,0.13,0.31,0.44,0.04,0.00,0.01,0.03,0.05,0.12
11.411,17,388.000,904.000,72.000,637.000,384.000,901.000,74.000,635.000,384.000,901.000,74.000,635.000,0.005,0.30,0.47,0.03,0.00,0.00,0.02,0.04,0.13,0.31,0.44,0.04,0.00,0.01,0.03,0.05,0.12
11.445,17,384.000,901.000,74.000,635.000,384.000,900.000,77.000,634.000,384.000,900.000,77.000,634.000,0.002,0.29,0.47,0.03,0.00,0.00,0.02,0.05,0.14,0.31,0.44,0.04,0.00,0.01,0.03,0.05,0.12
11.478,17,384.000,900.000,77.000,634.000,394.000,901.000,79.000,633.000,394.000,901.000,79.000,633.000,0.007,0.31,0.46,0.03,0.00,0.00,0.02,0.04,0.13,0.31,0.44,0.04,0.00,0.01,0.03,0.05,0.12
11.511,17,394.000,901.000,79.000,633.000,396.000,899.000,79.000,635.000,396.000,899.000,79.000,635.000,0.003,0.31,0.46,0.03,0.00,0.00,0.02,0.04,0.12,0.31,0.44,0.04,0.00,0.01,0.03,0.05,0.12
11.545,17,396.000,899.000,79.000,635.000,398.000,891.000,78.000,635.000,398.000,891.000,78.000,635.000,0.005,0.30,0.46,0.03,0.00,0.00,0.02,0.05,0.14,0.31,0.44,0.04,0.00,0.01,0.03,0.05,0.12
11.578,17,398.000,891.000,78.000,635.000,400.000,885.000,90.000,637.000,400.000,885.000,90.000,637.000,0.010,0.31,0.45,0.03,0.00,0.00,0.02,0.05,0.14,0.31,0.44,0.04,0.00,0.01,0.03,0.05,0.12
11.612,17,400.000,885.000,90.000,637.000,406.000,885.000,91.000,634.000,406.000,885.000,91.000,634.000,0.005,0.31,0.45,0.03,0.00,0.00,0.03,0.05,0.14,0.31,0.44,0.04,0.00,0.01,0.03,0.05,0.12
11.645,17,406.000,885.000,91.000,634.000,411.000,884.000,93.000,634.000,411.000,884.000,93.000,634.000,0.004,0.31,0.44,0.04,0.00,0.00,0.03,0.05,0.14,0.31,0.44,0.04,0.00,0.01,0.03,0.05,0.12
11.678,17,411.000,884.000,93.000,634.000,422.000,868.000,73.000,622.000,422.000,868.000,73.000,622.000,0.029,0.31,0.41,0.03,0.00,0.00,0.03,0.05,0.16,0.31,0.44,0.04,0.00,0.01,0.03,0.05,0.12
11.712,17,422.000,868.000,73.000,622.000,425.000,854.000,72.000,628.000,425.000,854.000,72.000,628.000,0.013,0.33,0.40,0.03,0.00,0.00,0.03,0.05,0.16,0.31,0.44,0.04,0.00,0.01,0.03,0.05,0.12
11.745,17,425.000,854.000,72.000,628.000,425.000,857.000,70.000,629.000,425.000,857.000,70.000,629.000,0.003,0.32,0.41,0.03,0.00,0.00,0.03,0.05,0.16,0.31,0.44,0.04,0.00,0.01,0.03,0.05,0.12
11.778,17,425.000,857.000,70.000,629.000,421.000,852.000,70.000,621.000,421.000,852.000,70.000,621.000,0.009,0.31,0.40,0.03,0.00,0.00,0.03,0.05,0.17,0.31,0.44,0.04,0.00,0.01,0.03,0.05,0.12
11.812,17,421.000,852.000,70.000,621.000,420.000,860.000,72.000,626.000,420.000,860.000,72.000,626.000,0.008,0.29,0.42,0.03,0.00,0.00,0.03,0.05,0.17,0.31,0.44,0.04,0.00,0.01,0.03,0.05,0.12
11.845,17,420.000,860.000,72.000,626.000,422.000,862.000,73.000,627.000,422.000,862.000,73.000,627.000,0.003,0.29,0.43,0.03,0.00,0.00,0.03,0.05,0.17,0.31,0.44,0.04,0.00,0.01,0.03,0.05,0.12
11.879,17,422.000,862.000,73.000,627.000,422.000,865.000,70.000,629.000,422.000,865.000,70.000,629.000,0.004,0.29,0.44,0.03,0.00,0.00,0.03,0.05,0.16,0.31,0.44,0.04,0.00,0.01,0.03,0.05,0.12
11.912,17,422.000,865.000,70.000,629.000,426.000,865.000,69.000,636.000,426.000,865.000,69.000,636.000,0.006,0.28,0.44,0.03,0.00,0.00,0.03,0.05,0.16,0.31,0.44,0.04,0.00,0.01,0.03,0.05,0.12
11.945,17,426.000,865.000,69.000,636.000,432.000,861.000,69.000,637.000,432.000,861.000,69.000,637.000,0.006,0.28,0.44,0.03,0.00,0.00,0.03,0.05,0.16,0.31,0.44,0.04,0.00,0.01,0.03,0.05,0.12
11.979,17,432.000,861.000,69.000,637.000,433.000,858.000,65.000,638.000,433.000,858.000,65.000,638.000,0.005,0.28,0.44,0.04,0.00,0.00,0.03,0.05,0.16,0.31,0.44,0.04,0.00,0.01,0.03,0.05,0.12
12.012,17,433.000,858.000,65.000,638.000,437.000,852.000,64.000,640.000,437.000,852.000,64.000,640.000,0.007,0.28,0.43,0.04,0.00,0.00,0.03,0.05,0.17,0.31,0.44,0.04,0.00,0.01,0.03,0.05,0.12
12.045,17,437.000,852.000,64.000,640.000,437.000,846.000,65.000,636.000,437.000,846.000,65.000,636.000,0.006,0.27,0.42,0.03,0.00,0.00,0.03,0.05,0.18,0.31,0.44,0.04,0.00,0.01,0.03,0.05,0.12
12.079,17,437.000,846.000,65.000,636.000,432.000,851.000,65.000,635.000,432.000,851.000,65.000,635.000,0.007,0.27,0.43,0.04,0.00,0.00,0.03,0.05,0.17,0.31,0.44,0.04,0.00,0.01,0.03,0.05,0.12
12.112,17,432.000,851.000,65.000,635.000,438.000,839.000,65.000,640.000,438.000,839.000,65.000,640.000,0.013,0.28,0.42,0.04,0.00,0.01,0.03,0.06,0.17,0.31,0.44,0.04,0.00,0.01,0.03,0.05,0.12
12.145,17,438.000,839.000,65.000,640.000,439.000,832.000,66.000,641.000,439.000,832.000,66.000,641.000,0.006,0.28,0.41,0.04,0.00,0.01,0.03,0.06,0.17,0.31,0.44,0.04,0.00,0.01,0.03,0.05,0.12
12.179,17,439.000,832.000,66.000,641.000,432.000,821.000,67.000,645.000,432.000,821.000,67.000,645.000,0.014,0.27,0.42,0.03,0.00,0.01,0.03,0.06,0.18,0.31,0.44,0.04,0.00,0.01,0.03,0.05,0.12
12.212,17,432.000,821.000,67.000,645.000,433.000,820.000,67.000,646.000,433.000,820.000,67.000,646.000,0.002,0.27,0.42,0.03,0.00,0.01,0.03,0.06,0.18,0.31,0.44,0.04,0.00,0.01,0.03,0.05,0.12
12.246,17,433.000,820.000,67.000,646.000,434.000,814.000,70.000,647.000,434.000,814.000,70.000,647.000,0.006,0.27,0.42,0.03,0.00,0.01,0.03,0.06,0.18,0.31,0.44,0.04,0.00,0.01,0.03,0.05,0.12
12.279,17,434.000,814.000,70.000,647.000,437.000,816.000,69.000,644.000,437.000,816.000,69.000,644.000,0.005,0.27,0.41,0.04,0.00,0.01,0.03,0.06,0.18,0.31,0.44,0.04,0.00,0.01,0.03,0.05,0.12
12.312,17,437.000,816.000,69.000,644.000,439.000,814.000,72.000,645.000,439.000,814.000,72.000,645.000,0.004,0.26,0.42,0.04,0.00,0.01,0.03,0.06,0.19,0.31,0.44,0.04,0.00,0.01,0.03,0.05,0.12
12.346,17,439.000,814.000,72.000,645.000,438.000,811.000,70.000,644.000,438.000,811.000,70.000,644.000,0.004,0.26,0.42,0.04,0.00,0.01,0.03,0.06,0.19,0.31,0.44,0.04,0.00,0.01,0.03,0.05,0.12
12.379,17,438.000,811.000,70.000,644.000,440.000,809.000,71.000,645.000,440.000,809.000,71.000,645.000,0.004,0.26,0.41,0.04,0.00,0.01,0.04,0.06,0.19,0.31,0.44,0.04,0.00,0.01,0.03,0.05,0.12
12.412,17,440.000,809.000,71.000,645.000,442.000,810.000,69.000,643.000,442.000,810.000,69.000,643.000,0.004,0.27,0.41,0.04,0.00,0.01,0.04,0.06,0.18,0.31,0.44,0.04,0.00,0.01,0.03,0.05,0.12
12.446,17,442.000,810.000,69.000,643.000,445.000,808.000,68.000,644.000,445.000,808.000,68.000,644.000,0.004,0.26,0.41,0.04,0.00,0.01,0.04,0.06,0.19,0.31,0.44,0.04,0.00,0.01,0.03,0.05,0.12
12.479,17,445.000,808.000,68.000,644.000,445.000,806.000,69.000,644.000,445.000,806.000,69.000,644.000,0.002,0.26,0.41,0.04,0.00,0.01,0.04,0.06,0.19,0.31,0.44,0.04,0.00,0.01,0.03,0.05,0.12
12.512,17,445.000,806.000,69.000,644.000,443.000,806.000,70.000,643.000,443.000,806.000,70.000,643.000,0.002,0.26,0.42,0.04,0.00,0.01,0.04,0.06,0.19,0.31,0.44,0.04,0.00,0.01,0.03,0.05,0.12
12.546,17,443.000,806.000,70.000,643.000,447.000,805.000,73.000,643.000,447.000,805.000,73.000,643.000,0.005,0.26,0.41,0.04,0.00,0.01,0.04,0.06,0.18,0.31,0.44,0.04,0.00,0.01,0.03,0.05,0.12
12.579,17,447.000,805.000,73.000,643.000,449.000,805.000,74.000,646.000,449.000,805.000,74.000,646.000,0.003,0.25,0.41,0.04,0.00,0.01,0.04,0.06,0.19,0.31,0.44,0.04,0.00,0.01,0.03,0.05,0.12
12.613,17,449.000,805.000,74.000,646.000,447.000,805.000,71.000,643.000,447.000,805.000,71.000,643.000,0.004,0.26,0.41,0.04,0.00,0.01,0.04,0.06,0.19,0.31,0.44,0.04,0.00,0.01,0.03,0.05,0.12
12.646,17,447.000,805.000,71.000,643.000,447.000,805.000,69.000,643.000,447.000,805.000,69.000,643.000,0.001,0.25,0.42,0.04,0.00,0.01,0.04,0.06,0.18,0.31,0.44,0.04,0.00,0.01,0.03,0.05,0.12
12.679,17,447.000,805.000,69.000,643.000,448.000,805.000,69.000,645.000,448.000,805.000,69.000,645.000,0.002,0.26,0.42,0.04,0.00,0.01,0.04,0.05,0.18,0.31,0.44,0.04,0.00,0.01,0.03,0.05,0.12
12.713,17,448.000,805.000,69.000,645.000,450.000,803.000,69.000,645.000,450.000,803.000,69.000,645.000,0.003,0.25,0.42,0.04,0.00,0.01,0.04,0.06,0.19,0.31,0.44,0.04,0.00,0.01,0.03,0.05,0.12
12.746,17,450.000,803.000,69.000,645.000,451.000,800.000,70.000,643.000,451.000,800.000,70.000,643.000,0.004,0.26,0.41,0.04,0.00,0.01,0.04,0.06,0.19,0.31,0.44,0.04,0.00,0.01,0.03,0.05,0.12
12.779,17,451.000,800.000,70.000,643.000,452.000,801.000,71.000,642.000,452.000,801.000,71.000,642.000,0.002,0.26,0.41,0.04,0.00,0.01,0.04,0.06,0.19,0.31,0.44,0.04,0.00,0.01,0.03,0.05,0.12
12.813,17,452.000,801.000,71.000,642.000,450.000,801.000,69.000,644.000,450.000,801.000,69.000,644.000,0.003,0.25,0.41,0.04,0.00,0.01,0.04,0.06,0.19,0.31,0.44,0.04,0.00,0.01,0.03,0.05,0.12
12.846,17,450.000,801.000,69.000,644.000,451.000,800.000,69.000,641.000,451.000,800.000,69.000,641.000,0.003,0.26,0.41,0.05,0.00,0.01,0.04,0.06,0.18,0.31,0.44,0.04,0.00,0.01,0.03,0.05,0.12
12.880,17,451.000,800.000,69.000,641.000,451.000,796.000,67.000,640.000,451.000,796.000,67.000,640.000,0.004,0.27,0.40,0.05,0.00,0.01,0.04,0.06,0.18,0.31,0.44,0.04,0.00,0.01,0.03,0.05,0.12
12.913,17,451.000,796.000,67.000,640.000,451.000,793.000,67.000,639.000,451.000,793.000,67.000,639.000,0.003,0.26,0.39,0.05,0.00,0.01,0.04,0.06,0.20,0.31,0.44,0.04,0.00,0.01,0.03,0.05,0.12
12.946,17,451.000,793.000,67.000,639.000,451.000,794.000,66.000,641.000,451.000,794.000,66.000,641.000,0.002,0.26,0.40,0.05,0.00,0.01,0.04,0.06,0.19,0.31,0.44,0.04,0.00,0.01,0.03,0.05,0.12
12.980,17,451.000,794.000,66.000,641.000,453.000,791.000,66.000,638.000,453.000,791.000,66.000,638.000,0.005,0.26,0.39,0.05,0.00,0.01,0.04,0.06,0.20,0.31,0.44,0.04,0.00,0.01,0.03,0.05,0.12
13.013,17,453.000,791.000,66.000,638.000,452.000,792.000,66.000,638.000,452.000,792.000,66.000,638.000,0.001,0.27,0.39,0.05,0.00,0.01,0.04,0.05,0.19,0.31,0.44,0.04,0.00,0.01,0.03,0.05,0.12
13.046,17,452.000,792.000,66.000,638.000,451.000,790.000,68.000,638.000,451.000,790.000,68.000,638.000,0.003,0.27,0.39,0.04,0.00,0.01,0.04,0.05,0.19,0.31,0.44,0.04,0.00,0.01,0.03,0.05,0.12
13.080,17,451.000,790.000,68.000,638.000,451.000,790.000,66.000,639.000,451.000,790.000,66.000,639.000,0.001,0.28,0.39,0.04,0.00,0.01,0.04,0.05,0.18,0.31,0.44,0.04,0.00,0.01,0.03,0.05,0.12
13.113,17,451.000,790.000,66.000,639.000,452.000,790.000,65.000,640.000,452.000,790.000,65.000,640.000,0.002,0.27,0.39,0.04,0.00,0.01,0.04,0.06,0.19,0.31,0.44,0.04,0.00,0.01,0.03,0.05,0.12
13.146,17,452.000,790.000,65.000,640.000,450.000,790.000,64.000,639.000,450.000,790.000,64.000,639.000,0.002,0.27,0.39,0.05,0.00,0.01,0.04,0.06,0.18,0.31,0.44,0.04,0.00,0.01,0.03,0.05,0.12
13.180,17,450.000,790.000,64.000,639.000,453.000,792.000,67.000,638.000,453.000,792.000,67.000,638.000,0.005,0.27,0.39,0.05,0.00,0.01,0.04,0.06,0.18,0.31,0.44,0.04,0.00,0.01,0.03,0.05,0.12
13.213,17,453.000,792.000,67.000,638.000,452.000,793.000,66.000,638.000,452.000,793.000,66.000,638.000,0.002,0.27,0.39,0.05,0.00,0.01,0.04,0.06,0.18,0.31,0.44,0.04,0.00,0.01,0.03,0.05,0.12
13.247,17,452.000,793.000,66.000,638.000,452.000,793.000,67.000,638.000,452.000,793.000,67.000,638.000,0.000,0.26,0.39,0.05,0.00,0.01,0.04,0.06,0.19,0.31,0.44,0.04,0.00,0.01,0.03,0.05,0.12
13.280,17,452.000,793.000,67.000,638.000,450.000,791.000,64.000,638.000,450.000,791.000,64.000,638.000,0.004,0.27,0.39,0.05,0.00,0.01,0.04,0.06,0.19,0.31,0.44,0.04,0.00,0.01,0.03,0.05,0.12
13.313,17,450.000,791.000,64.000,638.000,449.000,785.000,61.000,635.000,449.000,785.000,61.000,635.000,0.008,0.27,0.37,0.04,0.00,0.01,0.04,0.06,0.21,0.31,0.44,0.04,0.00,0.01,0.03,0.05,0.12
13.347,17,449.000,785.000,61.000,635.000,448.000,788.000,68.000,639.000,448.000,788.000,68.000,639.000,0.008,0.27,0.39,0.05,0.00,0.01,0.04,0.06,0.19,0.31,0.44,0.04,0.00,0.01,0.03,0.05,0.12
13.380,17,448.000,788.000,68.000,639.000,448.000,794.000,64.000,639.000,448.000,794.000,64.000,639.000,0.006,0.26,0.39,0.05,0.00,0.01,0.04,0.06,0.19,0.31,0.44,0.04,0.00,0.01,0.03,0.05,0.12
13.413,17,448.000,794.000,64.000,639.000,450.000,787.000,57.000,637.000,450.000,787.000,57.000,637.000,0.010,0.28,0.37,0.05,0.00,0.01,0.04,0.06,0.19,0.31,0.44,0.04,0.00,0.01,0.03,0.05,0.12
13.447,17,450.000,787.000,57.000,637.000,450.000,790.000,42.000,637.000,450.000,790.000,42.000,637.000,0.009,0.28,0.38,0.05,0.00,0.01,0.04,0.06,0.18,0.31,0.44,0.04,0.00,0.01,0.03,0.05,0.12
13.480,17,450.000,790.000,42.000,637.000,450.000,788.000,56.000,636.000,450.000,788.000,56.000,636.000,0.008,0.27,0.38,0.05,0.00,0.01,0.04,0.06,0.19,0.31,0.44,0.04,0.00,0.01,0.03,0.05,0.12
13.513,17,450.000,788.000,56.000,636.000,450.000,789.000,64.000,638.000,450.000,789.000,64.000,638.000,0.005,0.27,0.39,0.05,0.00,0.01,0.04,0.06,0.19,0.31,0.44,0.04,0.00,0.01,0.03,0.05,0.12
13.547,17,450.000,789.000,64.000,638.000,451.000,788.000,64.000,638.000,451.000,788.000,64.000,638.000,0.001,0.27,0.38,0.05,0.00,0.01,0.04,0.06,0.19,0.31,0.44,0.04,0.00,0.01,0.03,0.05,0.12
13.580,17,451.000,788.000,64.000,638.000,452.000,793.000,63.000,638.000,452.000,793.000,63.000,638.000,0.005,0.28,0.39,0.05,0.00,0.01,0.04,0.06,0.18,0.31,0.44,0.04,0.00,0.01,0.03,0.05,0.12
13.614,17,452.000,793.000,63.000,638.000,453.000,789.000,64.000,635.000,453.000,789.000,64.000,635.000,0.005,0.27,0.38,0.05,0.00,0.01,0.04,0.06,0.20,0.31,0.44,0.04,0.00,0.01,0.03,0.05,0.12
13.647,17,453.000,789.000,64.000,635.000,454.000,792.000,66.000,635.000,454.000,792.000,66.000,635.000,0.004,0.27,0.38,0.05,0.00,0.01,0.04,0.06,0.19,0.31,0.44,0.04,0.00,0.01,0.03,0.05,0.12
13.680,17,454.000,792.000,66.000,635.000,454.000,793.000,68.000,638.000,454.000,793.000,68.000,638.000,0.003,0.27,0.39,0.05,0.00,0.01,0.04,0.06,0.19,0.31,0.44,0.04,0.00,0.01,0.03,0.05,0.12
13.714,17,454.000,793.000,68.000,638.000,454.000,788.000,67.000,637.000,454.000,788.000,67.000,637.000,0.005,0.28,0.38,0.05,0.00,0.01,0.04,0.06,0.19,0.31,0.44,0.04,0.00,0.01,0.03,0.05,0.12
13.747,17,454.000,788.000,67.000,637.000,450.000,789.000,65.000,639.000,450.000,789.000,65.000,639.000,0.005,0.27,0.39,0.04,0.00,0.01,0.04,0.06,0.19,0.31,0.44,0.04,0.00,0.01,0.03,0.05,0.12
13.780,17,450.000,789.000,65.000,639.000,411.000,789.000,68.000,639.000,411.000,789.000,68.000,639.000,0.030,0.25,0.44,0.04,0.00,0.01,0.04,0.05,0.17,0.31,0.44,0.04,0.00,0.01,0.03,0.05,0.12
13.814,17,411.000,789.000,68.000,639.000,394.000,797.000,66.000,639.000,394.000,797.000,66.000,639.000,0.017,0.24,0.46,0.04,0.00,0.01,0.03,0.05,0.17,0.31,0.44,0.04,0.00,0.01,0.03,0.05,0.12
13.847,17,394.000,797.000,66.000,639.000,442.000,792.000,67.000,644.000,442.000,792.000,67.000,644.000,0.035,0.26,0.40,0.04,0.00,0.01,0.04,0.06,0.19,0.31,0.44,0.04,0.00,0.01,0.03,0.05,0.12
13.881,17,442.000,792.000,67.000,644.000,452.000,793.000,68.000,641.000,452.000,793.000,68.000,641.000,0.010,0.26,0.39,0.04,0.00,0.01,0.04,0.06,0.19,0.31,0.44,0.04,0.00,0.01,0.03,0.05,0.12
13.914,17,452.000,793.000,68.000,641.000,452.000,793.000,67.000,641.000,452.000,793.000,67.000,641.000,0.000,0.26,0.40,0.04,0.00,0.01,0.04,0.06,0.20,0.31,0.44,0.04,0.00,0.01,0.03,0.05,0.12
13.947,17,452.000,793.000,67.000,641.000,450.000,794.000,70.000,643.000,450.000,794.000,70.000,643.000,0.004,0.26,0.40,0.04,0.00,0.01,0.04,0.06,0.20,0.31,0.44,0.04,0.00,0.01,0.03,0.05,0.12
13.981,17,450.000,794.000,70.000,643.000,454.000,792.000,74.000,643.000,454.000,792.000,74.000,643.000,0.006,0.25,0.39,0.04,0.00,0.01,0.04,0.06,0.20,0.31,0.44,0.04,0.00,0.01,0.03,0.05,0.12
14.014,17,454.000,792.000,74.000,643.000,455.000,789.000,72.000,639.000,455.000,789.000,72.000,639.000,0.006,0.27,0.38,0.04,0.00,0.01,0.04,0.06,0.20,0.31,0.44,0.04,0.00,0.01,0.03,0.05,0.12
14.047,17,455.000,789.000,72.000,639.000,453.000,791.000,68.000,640.000,453.000,791.000,68.000,640.000,0.005,0.27,0.39,0.04,0.00,0.01,0.04,0.06,0.20,0.31,0.44,0.04,0.00,0.01,0.03,0.05,0.12
14.081,17,453.000,791.000,68.000,640.000,453.000,795.000,69.000,640.000,453.000,795.000,69.000,640.000,0.003,0.26,0.40,0.04,0.00,0.01,0.04,0.06,0.19,0.31,0.44,0.04,0.00,0.01,0.03,0.05,0.12
